Temperature,Humidity,Light,CO2,HumidityRatio,Occupancy
23.18,27.272,426,721.25,0.004792988,Yes
23.15,27.2675,429.5,714,0.004783441,Yes
23.15,27.245,426,713.5,0.004779464,Yes
23.15,27.2,426,708.25,0.004771509,Yes
23.1,27.2,426,704.5,0.004756993,Yes
23.1,27.2,419,701,0.004756993,Yes
23.1,27.2,419,701.6666667,0.004756993,Yes
23.1,27.2,419,699,0.004756993,Yes
23.1,27.2,419,689.3333333,0.004756993,Yes
23.075,27.175,419,688,0.004745351,Yes
23.075,27.15,419,690.25,0.004740952,Yes
23.1,27.1,419,691,0.004739371,Yes
23.1,27.16666667,419,683.5,0.004751119,Yes
23.05,27.15,419,687.5,0.004733732,Yes
23,27.125,419,686,0.004714942,Yes
23,27.125,418.5,680.5,0.004714942,Yes
23,27.2,0,681.5,0.004728078,No
22.945,27.29,0,685,0.004727951,No
22.945,27.39,0,685,0.004745408,No
22.89,27.39,0,689,0.004729506,No
22.89,27.39,0,689.5,0.004729506,No
22.89,27.39,0,689,0.004729506,No
22.89,27.445,0,691,0.004739076,No
22.89,27.5,0,688,0.004748645,No
22.89,27.5,0,689.5,0.004748645,No
22.79,27.445,0,689,0.004710224,No
22.79,27.5,0,685.6666667,0.004719735,No
22.79,27.5,0,687,0.004719735,No
22.79,27.5,0,688,0.004719735,No
22.745,27.5,0,670,0.004706776,No
22.7,27.46333333,0,668.6666667,0.004687543,No
22.7,27.5,0,670,0.004693849,No
22.7,27.5,0,667,0.004693849,No
22.66666667,27.42666667,0,664.5,0.004671708,No
22.7,27.6,0,670,0.004711047,No
22.6,27.42666667,0,670.3333333,0.0046527,No
22.6,27.39,0,672,0.004646433,No
22.6,27.35666667,0,658,0.004640736,No
22.6,27.445,0,660.5,0.004655833,No
22.6,27.42666667,0,658,0.0046527,No
22.6,27.445,0,655,0.004655833,No
22.6,27.445,0,654.25,0.004655833,No
22.6,27.39,0,648,0.004646433,No
22.5,27.32333333,0,648.6666667,0.004606763,No
22.5,27.445,0,646,0.004627429,No
22.5,27.5,0,646,0.004636772,No
22.5,27.445,0,641.5,0.004627429,No
22.39,27.29,0,639,0.004570212,No
22.5,27.5,0,640,0.004636772,No
22.39,27.34,0,630.5,0.004578647,No
22.39,27.35666667,0,629.3333333,0.004581459,No
22.39,27.5,0,632,0.004605641,No
22.39,27.5,0,636.5,0.004605641,No
22.39,27.5,0,627.5,0.004605641,No
22.39,27.39,0,626,0.004587082,No
22.39,27.5,0,625.5,0.004605641,No
22.34,27.39,0,623.5,0.00457305,No
22.39,27.46333333,0,624.6666667,0.004599455,No
22.39,27.39,0,622,0.004587082,No
22.29,27.39,0,621,0.004559056,No
22.34,27.39,0,626.5,0.00457305,No
22.29,27.39,0,622,0.004559056,No
22.39,27.39,0,620,0.004587082,No
22.29,27.39,0,621.5,0.004559056,No
22.29,27.35666667,0,616.3333333,0.004553467,No
22.29,27.34,0,609,0.004550673,No
22.29,27.39,0,614,0.004559056,No
22.29,27.34,0,613.5,0.004550673,No
22.29,27.34,0,611,0.004550673,No
22.29,27.39,0,612,0.004559056,No
22.29,27.29,0,608,0.00454229,No
22.29,27.29,0,605.5,0.00454229,No
22.2675,27.315,0,608.5,0.004540214,No
22.2,27.29,0,608.5,0.004517288,No
22.245,27.29,0,602.5,0.004529774,No
22.2,27.29,0,598,0.004517288,No
22.2,27.29,0,595,0.004517288,No
22.2,27.29,0,591,0.004517288,No
22.245,27.245,0,591,0.00452225,No
22.2,27.2,0,595,0.004502283,No
22.2,27.29,0,594.3333333,0.004517288,No
22.2,27.29,0,593.5,0.004517288,No
22.2,27.29,0,592,0.004517288,No
22.15,27.245,0,586.5,0.004495971,No
22.2,27.2,0,586,0.004502283,No
22.15,27.245,0,586,0.004495971,No
22.2,27.245,0,584.5,0.004509785,No
22.1,27.245,0,584.5,0.004482195,No
22.1,27.2,0,585.5,0.004474738,No
22.13333333,27.2,0,584.6666667,0.004483903,No
22.2,27.2,0,577,0.004502283,No
22.1,27.2,0,580,0.004474738,No
22.125,27.2,0,582,0.00448161,No
22.2,27.2,0,580,0.004502283,No
22.1,27.15,0,578,0.004466454,No
22.1,27.2,0,576.5,0.004474738,No
22.1,27.2,0,580,0.004474738,No
22.1,27.2,0,572.5,0.004474738,No
22.1,27.2,0,567,0.004474738,No
22.1,27.2,0,568,0.004474738,No
22.1,27.2,0,574.5,0.004474738,No
22.1,27.2,0,564.3333333,0.004474738,No
22.1,27.2,0,563,0.004474738,No
22.1,27.15,0,564.5,0.004466454,No
22.06666667,27.16666667,0,566.3333333,0.004460078,No
22.1,27.1,0,562,0.004458169,No
22,27.1,0,565.5,0.004430876,No
22,27.1,0,570,0.004430876,No
22.05,27.15,0,562,0.004452763,No
22,27.1,0,560,0.004430876,No
22,27.1,0,558,0.004430876,No
22,27.1,0,556,0.004430876,No
22,27.1,0,557,0.004430876,No
21.9175,27.1,0,556.5,0.004408469,No
21.945,27.1,0,557.5,0.004415927,No
21.92666667,27.1,0,555,0.004410954,No
21.89,27.1,0,555,0.004401023,No
21.89,27.1,0,553,0.004401023,No
21.89,27.1,0,549.5,0.004401023,No
21.89,27.1,0,548.5,0.004401023,No
21.89,27.1,0,551.5,0.004401023,No
21.89,27.1,0,548.5,0.004401023,No
21.89,27.1,0,548,0.004401023,No
21.89,27.1,0,547.5,0.004401023,No
21.89,27.1,0,553,0.004401023,No
21.84,27.1,0,547.5,0.004387512,No
21.85666667,27.1,0,548.6666667,0.004392012,No
21.79,27.1,0,540,0.004374038,No
21.79,27.1,0,538,0.004374038,No
21.79,27.1,0,542,0.004374038,No
21.79,27.1,0,542,0.004374038,No
21.79,27.1,0,538,0.004374038,No
21.79,27.1,0,537.6666667,0.004374038,No
21.79,27.1,0,537.5,0.004374038,No
21.79,27.1,0,536,0.004374038,No
21.745,27.1,0,534.5,0.004361943,No
21.7,27.1,0,532.5,0.004349877,No
21.76,27.1,0,530,0.004365972,No
21.745,27.05,0,529.5,0.004353839,No
21.79,27.05,0,531,0.004365912,No
21.73,27,0,533.3333333,0.004341725,No
21.745,27,0,531,0.004345735,No
21.745,27,0,529,0.004345735,No
21.745,27,0,528.5,0.004345735,No
21.7,27,0,525,0.004333714,No
21.7,27,0,528.5,0.004333714,No
21.7,27,0,530.5,0.004333714,No
21.7,26.89,0,528,0.004315936,No
21.7,26.89,0,526,0.004315936,No
21.7,26.89,0,530,0.004315936,No
21.7,26.89,0,533.3333333,0.004315936,No
21.7,26.89,0,529,0.004315936,No
21.7,26.89,0,528,0.004315936,No
21.7,26.89,0,526,0.004315936,No
21.7,26.89,0,526,0.004315936,No
21.7,26.79,0,521,0.004299774,No
21.7,26.79,0,518,0.004299774,No
21.7,26.79,0,515.5,0.004299774,No
21.7,26.79,0,520,0.004299774,No
21.7,26.7675,0,523.5,0.004296138,No
21.7,26.79,0,525.5,0.004299774,No
21.7,26.79,0,525.5,0.004299774,No
21.7,26.79,0,514,0.004299774,No
21.7,26.7,0,518,0.00428523,No
21.7,26.7,0,518,0.00428523,No
21.7,26.7,0,520,0.00428523,No
21.6,26.7,0,521,0.004258922,No
21.6,26.6,0,518,0.004242862,No
21.6,26.65,0,517,0.004250892,No
21.6,26.6,0,511.5,0.004242862,No
21.65,26.65,0,514,0.004264003,No
21.6,26.55,0,515.5,0.004234832,No
21.6,26.5,0,517,0.004226803,No
21.6,26.5,0,515,0.004226803,No
21.6,26.5,0,512,0.004226803,No
21.6,26.5,0,515,0.004226803,No
21.65,26.55,0,511,0.004247894,No
21.6,26.5,0,514,0.004226803,No
21.6,26.445,0,508,0.004217971,No
21.6,26.4725,0,509.75,0.004222387,No
21.6,26.445,0,508.75,0.004217971,No
21.6,26.445,0,508.5,0.004217971,No
21.6,26.39,0,507,0.004209139,No
21.6,26.39,0,507,0.004209139,No
21.6,26.39,0,503.5,0.004209139,No
21.6,26.39,0,504,0.004209139,No
21.6,26.39,0,504,0.004209139,No
21.575,26.315,0,500.5,0.004190637,No
21.6,26.29,0,500,0.004193082,No
21.6,26.29,0,503.5,0.004193082,No
21.55,26.245,0,503,0.004172982,No
21.55,26.245,0,502.5,0.004172982,No
21.5,26.2,0,502,0.004152962,No
21.56666667,26.2,0,502,0.004170059,No
21.5,26.2,0,502.5,0.004152962,No
21.5,26.2,0,497,0.004152962,No
21.5,26.15,0,501.5,0.004144984,No
21.5,26.15,0,504,0.004144984,No
21.5,26.1,0,501,0.004137006,No
21.5,26.1,0,493.75,0.004137006,No
21.5,26.1,0,500,0.004137006,No
21.5,26.1,0,504.5,0.004137006,No
21.5,26.05,0,504,0.004129028,No
21.5,26.1,0,501,0.004137006,No
21.5,26,0,499,0.00412105,No
21.5,26,0,502,0.00412105,No
21.5,26,0,503.5,0.00412105,No
21.5,26,0,500.6666667,0.00412105,No
21.5,26,0,493,0.00412105,No
21.5,26,0,492.5,0.00412105,No
21.5,26,0,493,0.00412105,No
21.5,25.89,0,495.5,0.0041035,No
21.5,26,0,492.6666667,0.00412105,No
21.5,26,0,490,0.00412105,No
21.5,25.92666667,0,493,0.00410935,No
21.5,25.89,0,494.6666667,0.0041035,No
21.5,25.89,0,496,0.0041035,No
21.5,25.89,0,491,0.0041035,No
21.5,25.84,0,490.5,0.004095523,No
21.5,25.84,0,490,0.004095523,No
21.5,25.89,0,491,0.0041035,No
21.5,25.89,0,491.6666667,0.0041035,No
21.5,25.89,0,493.5,0.0041035,No
21.4725,25.865,0,493.75,0.004092568,No
21.5,25.84,0,490,0.004095523,No
21.5,25.79,0,488,0.004087546,No
21.5,25.79,0,490,0.004087546,No
21.5,25.79,0,487,0.004087546,No
21.445,25.745,0,492.5,0.004066556,No
21.445,25.745,0,493.5,0.004066556,No
21.46333333,25.76,0,493.3333333,0.004073542,No
21.445,25.745,0,488,0.004066556,No
21.5,25.79,0,487.5,0.004087546,No
21.42666667,25.73,0,485.3333333,0.004059579,No
21.39,25.7,0,484,0.004045656,No
21.39,25.7,0,489,0.004045656,No
21.445,25.745,0,488,0.004066556,No
21.5,25.79,0,493,0.004087546,No
21.39,25.7,0,491,0.004045656,No
21.445,25.745,0,488,0.004066556,No
21.445,25.745,0,487.25,0.004066556,No
21.39,25.7,0,489,0.004045656,No
21.5,25.79,0,489,0.004087546,No
21.39,25.7,0,486,0.004045656,No
21.42666667,25.73,0,484.6666667,0.004059579,No
21.39,25.7,0,485,0.004045656,No
21.39,25.7,0,487,0.004045656,No
21.39,25.7,0,492,0.004045656,No
21.39,25.7,0,490.6666667,0.004045656,No
21.39,25.7,0,488,0.004045656,No
21.39,25.7,0,485.5,0.004045656,No
21.39,25.7,0,486,0.004045656,No
21.39,25.7,0,485.5,0.004045656,No
21.39,25.7,0,486,0.004045656,No
21.39,25.7,0,480,0.004045656,No
21.39,25.7,0,481,0.004045656,No
21.39,25.7,0,481.6666667,0.004045656,No
21.39,25.7,0,485.5,0.004045656,No
21.39,25.7,0,485,0.004045656,No
21.39,25.7,0,473,0.004045656,No
21.39,25.7,0,475,0.004045656,No
21.39,25.7,0,486,0.004045656,No
21.39,25.7,0,481.5,0.004045656,No
21.39,25.7,0,483,0.004045656,No
21.39,25.7,0,479,0.004045656,No
21.39,25.7,0,479,0.004045656,No
21.39,25.7,0,479,0.004045656,No
21.34,25.7,0,479,0.004033195,No
21.39,25.7,0,479,0.004045656,No
21.39,25.7,0,477,0.004045656,No
21.39,25.7,0,477.5,0.004045656,No
21.29,25.7,0,477.5,0.004020769,No
21.34,25.7,0,480,0.004033195,No
21.29,25.7,0,480,0.004020769,No
21.34,25.7,0,482,0.004033195,No
21.32333333,25.7,0,480.3333333,0.004029049,No
21.34,25.7,0,477.5,0.004033195,No
21.29,25.7,0,476,0.004020769,No
21.39,25.7,0,479,0.004045656,No
21.39,25.7,0,471,0.004045656,No
21.29,25.7,0,474,0.004020769,No
21.29,25.7,0,477.5,0.004020769,No
21.34,25.7,0,476,0.004033195,No
21.29,25.7,0,474.25,0.004020769,No
21.39,25.7,0,475,0.004045656,No
21.29,25.7,0,476.5,0.004020769,No
21.34,25.7,0,474.5,0.004033195,No
21.29,25.7,0,478,0.004020769,No
21.29,25.7,0,475.3333333,0.004020769,No
21.29,25.7,0,477,0.004020769,No
21.29,25.7,0,475.5,0.004020769,No
21.29,25.7,0,477.5,0.004020769,No
21.29,25.7,0,477.5,0.004020769,No
21.29,25.7,0,478,0.004020769,No
21.29,25.7,0,473.5,0.004020769,No
21.29,25.7,0,472.5,0.004020769,No
21.29,25.7,0,472,0.004020769,No
21.29,25.7,0,469.5,0.004020769,No
21.29,25.7,0,466.6666667,0.004020769,No
21.29,25.7,0,467,0.004020769,No
21.29,25.7,0,469.5,0.004020769,No
21.2,25.6,0,469,0.003982828,No
21.29,25.7,0,471,0.004020769,No
21.29,25.7,0,469,0.004020769,No
21.26,25.66666667,0,467.3333333,0.00400809,No
21.245,25.65,0,471.5,0.004001763,No
21.23,25.63333333,0,471.6666667,0.003995443,No
21.29,25.7,0,475,0.004020769,No
21.2,25.6,0,471,0.003982828,No
21.2,25.6,0,471,0.003982828,No
21.245,25.65,0,471,0.004001763,No
21.245,25.65,0,474.5,0.004001763,No
21.2,25.6,0,475.5,0.003982828,No
21.2,25.6,0,474,0.003982828,No
21.2,25.6,0,469,0.003982828,No
21.2,25.6,0,474,0.003982828,No
21.2,25.6,0,474,0.003982828,No
21.2,25.6,0,468.5,0.003982828,No
21.2,25.6,0,469.5,0.003982828,No
21.2,25.6,0,472.5,0.003982828,No
21.2,25.6,0,467.5,0.003982828,No
21.2,25.6,0,469,0.003982828,No
21.2,25.55,0,466.5,0.003974999,No
21.2,25.5,0,469.5,0.003967171,No
21.2,25.5,0,469,0.003967171,No
21.2,25.5,0,467,0.003967171,No
21.2,25.5,0,467.3333333,0.003967171,No
21.2,25.5,0,467,0.003967171,No
21.2,25.5,0,464.5,0.003967171,No
21.2,25.445,0,466,0.00395856,No
21.2,25.5,0,473,0.003967171,No
21.2,25.39,0,475,0.003949949,No
21.2,25.39,0,471,0.003949949,No
21.2,25.39,0,470,0.003949949,No
21.2,25.39,0,466.25,0.003949949,No
21.2,25.39,0,467,0.003949949,No
21.2,25.39,0,473,0.003949949,No
21.2,25.39,0,468,0.003949949,No
21.2,25.39,0,463,0.003949949,No
21.2,25.39,0,466,0.003949949,No
21.2,25.39,0,467,0.003949949,No
21.2,25.29,0,468,0.003934294,No
21.2,25.39,0,468,0.003949949,No
21.2,25.29,0,468,0.003934294,No
21.2,25.34,0,465.5,0.003942121,No
21.2,25.39,0,464,0.003949949,No
21.2,25.34,0,464.5,0.003942121,No
21.2,25.29,0,465.6666667,0.003934294,No
21.2,25.365,0,465.75,0.003946035,No
21.2,25.39,0,464,0.003949949,No
21.2,25.39,0,467,0.003949949,No
21.15,25.39,0,466.5,0.003937768,No
21.2,25.39,0,465,0.003949949,No
21.2,25.39,0,462,0.003949949,No
21.2,25.39,0,459.6666667,0.003949949,No
21.2,25.29,0,458,0.003934294,No
21.2,25.34,0,462.5,0.003942121,No
21.2,25.29,0,467,0.003934294,No
21.2,25.29,0,466.5,0.003934294,No
21.2,25.29,0,463,0.003934294,No
21.2,25.29,0,465,0.003934294,No
21.2,25.29,0,463.25,0.003934294,No
21.2,25.29,0,460,0.003934294,No
21.2,25.29,0,457,0.003934294,No
21.2,25.29,0,456,0.003934294,No
21.245,25.245,0,454,0.003938177,No
21.23,25.23,0,454,0.003932179,No
21.29,25.29,0,458,0.003956216,No
21.2,25.2,0,456,0.003920204,No
21.245,25.245,0,456.5,0.003938177,No
21.245,25.245,0,458.5,0.003938177,No
21.26,25.26,0,459.6666667,0.003944183,No
21.245,25.245,0,464,0.003938177,No
21.245,25.2,0,465,0.003931113,No
21.29,25.2,0,461,0.003942048,No
21.245,25.2,0,458.5,0.003931113,No
21.29,25.2,0,459,0.003942048,No
21.29,25.2,0,451,0.003942048,No
21.29,25.2,0,456,0.003942048,No
21.29,25.2,0,463,0.003942048,No
21.29,25.2,0,461.6666667,0.003942048,No
21.29,25.2,0,458,0.003942048,No
21.29,25.2,0,450,0.003942048,No
21.29,25.2,0,457,0.003942048,No
21.29,25.2,0,456,0.003942048,No
21.29,25.2,0,456,0.003942048,No
21.29,25.2,0,461,0.003942048,No
21.29,25.2,0,463,0.003942048,No
21.29,25.2,0,460,0.003942048,No
21.29,25.2,0,456,0.003942048,No
21.29,25.2,0,454.5,0.003942048,No
21.29,25.2,0,448.5,0.003942048,No
21.29,25.2,0,453.5,0.003942048,No
21.29,25.2,0,454,0.003942048,No
21.29,25.2,0,454,0.003942048,No
21.29,25.245,0,450.5,0.003949132,No
21.29,25.245,0,453,0.003949132,No
21.2,25.2,0,457,0.003920204,No
21.2,25.2,0,452.5,0.003920204,No
21.2,25.2,0,449,0.003920204,No
21.2,25.2,0,458.6666667,0.003920204,No
21.2,25.2,0,454.5,0.003920204,No
21.2,25.245,0,455.5,0.003927249,No
21.2,25.245,0,453.5,0.003927249,No
21.2,25.29,0,452,0.003934294,No
21.2,25.29,0,451.5,0.003934294,No
21.2,25.29,0,451,0.003934294,No
21.16666667,25.35666667,0,450.3333333,0.003936617,No
21.16666667,25.39,0,450,0.003941824,No
21.15,25.39,0,453.5,0.003937768,No
21.1,25.39,0,454,0.003925619,No
21.15,25.39,0,452.5,0.003937768,No
21.1,25.39,0,454,0.003925619,No
21.1,25.39,0,457,0.003925619,No
21.1,25.46333333,0,450.3333333,0.003937029,No
21.1,25.5,0,451,0.003942734,No
21.1,25.5,0,451,0.003942734,No
21.05,25.445,0,449,0.003922035,No
21.1,25.5,0,449,0.003942734,No
21.05,25.445,0,450,0.003922035,No
21.05,25.445,0,449,0.003922035,No
21.1,25.5,0,445,0.003942734,No
21,25.39,0,443,0.003901421,No
21.1,25.5,0,446.5,0.003942734,No
21.1,25.5,0,446,0.003942734,No
21.1,25.5,0,451.5,0.003942734,No
21.1,25.39,0,445,0.003925619,No
21.1,25.39,0,449,0.003925619,No
21.1,25.39,0,451.6666667,0.003925619,No
21.1,25.39,0,452,0.003925619,No
21.1,25.39,0,451,0.003925619,No
21.05,25.34,0,450,0.003905749,No
21.1,25.39,0,450,0.003925619,No
21.1,25.39,0,448,0.003925619,No
21.1,25.39,0,450.6666667,0.003925619,No
21.1,25.39,0,450,0.003925619,No
21.15,25.39,0,446,0.003937768,No
21.1,25.39,0,444,0.003925619,No
21.125,25.39,0,447.5,0.003931689,No
21.13333333,25.39,0,443.3333333,0.003933714,No
21.1,25.34,0,443.5,0.00391784,No
21.1,25.34,0,444,0.00391784,No
21.15,25.34,0,449,0.003929964,No
21.2,25.29,0,449.3333333,0.003934294,No
21.15,25.29,0,448,0.003922161,No
21.15,25.245,0,449.5,0.003915138,No
21.2,25.245,0,450,0.003927249,No
21.2,25.2,0,447,0.003920204,No
21.2,25.2,0,446,0.003920204,No
21.13333333,25.2,0,443,0.003904093,No
21.16666667,25.2,0,444,0.003912141,No
21.2,25.2,0,444.5,0.003920204,No
21.2,25.2,0,445,0.003920204,No
21.2,25.2,0,451,0.003920204,No
21.2,25.2,0,450,0.003920204,No
21.2,25.2,0,444,0.003920204,No
21.2,25.2,0,443,0.003920204,No
21.2,25.1,0,438.5,0.00390455,No
21.2,25.1,0,441,0.00390455,No
21.2,25.1,0,444,0.00390455,No
21.2,25.15,0,441.5,0.003912377,No
21.2,25.1,0,441,0.00390455,No
21.2,25.1,0,439.5,0.00390455,No
21.2,25.1,0,441,0.00390455,No
21.2,25.1,0,442,0.00390455,No
21.2,25.1,0,441,0.00390455,No
21.2,25.1,0,436,0.00390455,No
21.2,25.1,0,442.5,0.00390455,No
21.2,25.1,0,446,0.00390455,No
21.2,25.1,0,443,0.00390455,No
21.2,25.1,0,437.5,0.00390455,No
21.2,25.1,0,440.5,0.00390455,No
21.2,25.05,0,439.5,0.003896724,No
21.2,25,0,443,0.003888897,No
21.2,25,0,443,0.003888897,No
21.2,25,0,438.5,0.003888897,No
21.2,25,0,438,0.003888897,No
21.2,25,0,442.3333333,0.003888897,No
21.2,25,0,448,0.003888897,No
21.2,25.1,0,447.5,0.00390455,No
21.125,25.1,0,445.75,0.003886502,No
21.1,25,0,439,0.003864945,No
21.1,25.1,0,440,0.003880502,No
21.1,25.1,0,441.5,0.003880502,No
21.1,25.06666667,0,439,0.003875316,No
21.1,25,0,439,0.003864945,No
21.1,25.1,0,437.5,0.003880502,No
21.05,25.05,0,437.5,0.003860772,No
21.1,25.1,0,439.3333333,0.003880502,No
21.1,25.1,0,443,0.003880502,No
21,25,0,440.5,0.003841124,No
21,25,0,442.3333333,0.003841124,No
21,25,0,440.6666667,0.003841124,No
21,25,0,440,0.003841124,No
21,25,0,439,0.003841124,No
21,25,0,442,0.003841124,No
21,25,0,443.5,0.003841124,No
21,25,0,445,0.003841124,No
21,25,0,445,0.003841124,No
21,25.05,0,442.5,0.003848854,No
21,25.1,0,440,0.003856584,No
21,25,0,439.5,0.003841124,No
21,25,0,438.5,0.003841124,No
21,25,0,435,0.003841124,No
21,25,0,439.5,0.003841124,No
21,25,0,440.5,0.003841124,No
21,25,0,439.5,0.003841124,No
21,25,0,441,0.003841124,No
21,25,0,442,0.003841124,No
21,25,0,445,0.003841124,No
21,25,0,444,0.003841124,No
21,25,0,445,0.003841124,No
21,24.89,0,444,0.003824119,No
21,24.89,0,443,0.003824119,No
21,24.89,0,448,0.003824119,No
21.05,24.945,0,443,0.003844489,No
21.05,24.945,0,440,0.003844489,No
21,24.89,0,440,0.003824119,No
21.03333333,24.92666667,0,441,0.00383769,No
21.05,24.945,0,440.5,0.003844489,No
21.05,24.945,0,444.5,0.003844489,No
21.1,25,0,446,0.003864945,No
21.05,24.945,0,442.5,0.003844489,No
21,24.89,0,439,0.003824119,No
21.1,24.89,0,441,0.003847834,No
21.1,24.89,0,438.3333333,0.003847834,No
21.03333333,24.89,0,439.5,0.00383201,No
21.075,24.9725,0,440.75,0.003854707,No
21.03333333,24.92666667,0,437,0.00383769,No
21.1,24.945,0,440.5,0.00385639,No
21.1,24.9175,0,442.25,0.003852112,No
21.1,24.89,0,435,0.003847834,No
21.1,24.89,0,435.5,0.003847834,No
21.1,24.89,0,432,0.003847834,No
21.1,24.89,0,439.5,0.003847834,No
21.05,24.84,0,442.5,0.003828207,No
21.1,24.89,0,438.5,0.003847834,No
21.05,24.84,0,435.5,0.003828207,No
21.06666667,24.85666667,0,437.3333333,0.003834741,No
21.1,24.89,0,437,0.003847834,No
21.03333333,24.82333333,0,438,0.003821683,No
21.025,24.84,0,435,0.003822295,No
21,24.79,0,440,0.003808661,No
21,24.82333333,0,441.3333333,0.003813814,No
21,24.85666667,0,435,0.003818966,No
21,24.89,0,432,0.003824119,No
21,24.89,0,435.5,0.003824119,No
21,24.89,0,444,0.003824119,No
21,24.84,0,444.5,0.00381639,No
21,24.89,0,446,0.003824119,No
21,24.89,0,445,0.003824119,No
21,24.89,0,438.3333333,0.003824119,No
21,24.89,0,445.5,0.003824119,No
21,24.89,0,439,0.003824119,No
21,24.89,0,439,0.003824119,No
20.945,24.89,0,439.5,0.003811131,No
20.96333333,24.89,0,443.3333333,0.003815456,No
20.89,24.89,0,443.5,0.003798181,No
20.92666667,24.89,0,444,0.00380681,No
21,24.89,0,447.5,0.003824119,No
20.89,24.89,0,445.5,0.003798181,No
20.89,24.89,0,443,0.003798181,No
20.89,24.89,0,438,0.003798181,No
20.89,24.89,0,428,0.003798181,No
20.89,24.89,0,431,0.003798181,No
20.89,24.89,0,441,0.003798181,No
20.89,24.89,0,446,0.003798181,No
20.89,24.89,0,447,0.003798181,No
20.89,24.89,0,439,0.003798181,No
20.89,24.89,0,438.3333333,0.003798181,No
20.89,24.89,0,442,0.003798181,No
20.92666667,24.79,0,443.3333333,0.003791422,No
20.89,24.79,0,448,0.003782829,No
20.89,24.79,0,444.5,0.003782829,No
20.92666667,24.79,0,443.3333333,0.003791422,No
20.945,24.79,0,445,0.003795725,No
21,24.7,0,445,0.003794749,No
21,24.7,0,443.5,0.003794749,No
21,24.7,0,439,0.003794749,No
21,24.7,0,441.5,0.003794749,No
21,24.63333333,0,441.3333333,0.003784445,No
21,24.6,0,441,0.003779293,No
21,24.6,0,441,0.003779293,No
21,24.6,0,440,0.003779293,No
21,24.6,0,436,0.003779293,No
21,24.6,0,444,0.003779293,No
21,24.6,0,442,0.003779293,No
21,24.6,0,443.6666667,0.003779293,No
21,24.6,0,439.5,0.003779293,No
21,24.56666667,0,439.3333333,0.003774141,No
21,24.55,0,443.5,0.003771565,No
21,24.5,0,445,0.003763837,No
21,24.5,0,441.5,0.003763837,No
21,24.5,0,445,0.003763837,No
21,24.5,0,444.5,0.003763837,No
21,24.5,0,443.6666667,0.003763837,No
21,24.5,0,445.5,0.003763837,No
21,24.445,0,445,0.003755336,No
21,24.445,0,443.5,0.003755336,No
21,24.39,0,447,0.003746836,No
21,24.39,0,444,0.003746836,No
21,24.5,0,442.5,0.003763837,No
21,24.42666667,0,445,0.003752503,No
21,24.5,0,444,0.003763837,No
21,24.39,0,440,0.003746836,No
21,24.39,0,445.5,0.003746836,No
21,24.39,0,444.5,0.003746836,No
21,24.39,0,442.5,0.003746836,No
21,24.39,0,444,0.003746836,No
21,24.39,0,442,0.003746836,No
21,24.35666667,0,442.6666667,0.003741685,No
21,24.29,0,439,0.003731382,No
20.89,24.39,0,440,0.003721425,No
20.945,24.39,0,440,0.003734112,No
21,24.39,0,444,0.003746836,No
20.89,24.39,0,439.5,0.003721425,No
20.89,24.39,0,440,0.003721425,No
20.89,24.39,0,440,0.003721425,No
20.89,24.29,0,442,0.003706077,No
20.89,24.34,0,445,0.003713751,No
20.85666667,24.35666667,0,447,0.00370865,No
20.89,24.39,0,446,0.003721425,No
20.89,24.34,0,445,0.003713751,No
20.89,24.39,0,445,0.003721425,No
20.89,24.29,0,443,0.003706077,No
20.89,24.29,0,442,0.003706077,No
20.84,24.245,0,444,0.003687739,No
20.89,24.39,0,443.5,0.003721425,No
20.89,24.29,0,441,0.003706077,No
20.85666667,24.26,0,441,0.003693843,No
20.89,24.29,0,444,0.003706077,No
20.89,24.29,0,445.5,0.003706077,No
20.89,24.29,0,441,0.003706077,No
20.89,24.29,0,445.3333333,0.003706077,No
20.89,24.2,0,442,0.003692263,No
20.89,24.29,0,442,0.003706077,No
20.89,24.2,0,446.5,0.003692263,No
20.85666667,24.16666667,0,444.3333333,0.003679548,No
20.89,24.2,0,445.5,0.003692263,No
20.89,24.2,0,441.5,0.003692263,No
20.865,24.175,0,447.25,0.003682724,No
20.89,24.2,0,448,0.003692263,No
20.89,24.175,0,447.25,0.003688426,No
20.89,24.2,0,439,0.003692263,No
20.89,24.15,0,440,0.003684589,No
20.89,24.2,0,440,0.003692263,No
20.89,24.1,0,445,0.003676916,No
20.89,24,0,438,0.003661569,No
20.945,24,0,438.5,0.00367405,No
21,24,0,440,0.003686568,No
20.945,24,0,446,0.00367405,No
20.945,24,0,447,0.00367405,No
20.92666667,24,0,447,0.003669885,No
20.89,24,0,445,0.003661569,No
20.89,24,0,446.5,0.003661569,No
20.945,24,0,446,0.00367405,No
20.89,23.89,0,453,0.003644688,No
21,23.89,0,451,0.003669572,No
21,23.84,0,448.5,0.003661847,No
21,23.82333333,0,444.6666667,0.003659272,No
21,23.79,0,447,0.003654121,No
21,23.79,0,447,0.003654121,No
21,23.79,0,445,0.003654121,No
21,23.79,0,446.5,0.003654121,No
21,23.79,0,446.5,0.003654121,No
21,23.7675,0,442.25,0.003650645,No
21,23.79,0,443,0.003654121,No
21,23.79,0,443,0.003654121,No
20.96333333,23.79,0,442.3333333,0.003645846,No
20.89,23.79,0,444.5,0.003629343,No
20.89,23.73,0,443.3333333,0.003620137,No
20.9175,23.7225,0,446.5,0.003625149,No
20.89,23.7,0,449,0.003615533,No
20.89,23.7,0,449.5,0.003615533,No
20.89,23.6,0,448.5,0.00360019,No
20.89,23.7,0,446,0.003615533,No
20.89,23.6,0,446,0.00360019,No
20.89,23.6,0,444,0.00360019,No
20.89,23.6,0,443.3333333,0.00360019,No
20.89,23.63333333,0,441.6666667,0.003605304,No
20.89,23.6,0,449.5,0.00360019,No
20.89,23.6,0,448.5,0.00360019,No
20.89,23.6,0,450,0.00360019,No
20.89,23.6,0,448.5,0.00360019,No
20.945,23.6,0,446.5,0.00361246,No
20.89,23.6,0,452.5,0.00360019,No
20.89,23.6,0,451,0.00360019,No
20.945,23.5,0,450.6666667,0.003597065,No
20.89,23.5,0,449,0.003584847,No
20.945,23.5,0,449,0.003597065,No
20.945,23.5,0,448.5,0.003597065,No
20.89,23.5,0,452,0.003584847,No
20.89,23.5,0,444,0.003584847,No
20.89,23.5,0,443.5,0.003584847,No
20.89,23.5,0,446,0.003584847,No
20.89,23.5,0,449,0.003584847,No
20.92666667,23.5,0,448,0.003592988,No
20.89,23.5,0,448,0.003584847,No
20.89,23.5,0,449,0.003584847,No
20.945,23.5,0,443,0.003597065,No
20.89,23.5,0,444.25,0.003584847,No
20.89,23.5,0,445.3333333,0.003584847,No
20.89,23.5,0,444.5,0.003584847,No
20.89,23.5,0,446.5,0.003584847,No
20.89,23.445,0,446,0.003576408,No
20.89,23.445,0,448.5,0.003576408,No
20.89,23.39,0,450,0.00356797,No
20.89,23.445,0,450.5,0.003576408,No
20.89,23.5,0,448,0.003584847,No
20.89,23.5,0,448.3333333,0.003584847,No
20.89,23.445,0,446.5,0.003576408,No
20.89,23.5,0,442.5,0.003584847,No
20.89,23.5,0,440.5,0.003584847,No
20.89,23.5,0,443,0.003584847,No
20.89,23.5,0,453,0.003584847,No
20.89,23.42666667,0,450,0.003573596,No
20.89,23.445,0,451,0.003576408,No
20.89,23.39,0,452.3333333,0.00356797,No
20.89,23.445,0,448,0.003576408,No
20.89,23.39,0,448,0.00356797,No
20.84,23.395,0,446.5,0.003557712,No
20.89,23.39,0,449,0.00356797,No
20.84,23.34,0,446.5,0.0035493,No
20.89,23.39,0,448,0.00356797,No
20.89,23.39,0,450.5,0.00356797,No
20.89,23.39,0,450.5,0.00356797,No
20.84,23.34,0,448,0.0035493,No
20.89,23.39,0,448,0.00356797,No
20.89,23.34,0,451,0.003560299,No
20.865,23.2925,0,450,0.00354752,No
20.89,23.34,0,448.5,0.003560299,No
20.85666667,23.26,0,449.5,0.003540716,No
20.89,23.29,0,446,0.003552629,No
20.89,23.29,0,443,0.003552629,No
20.89,23.29,0,443,0.003552629,No
20.89,23.29,0,448,0.003552629,No
20.84,23.245,0,448.5,0.003534772,No
20.89,23.29,0,448.5,0.003552629,No
20.89,23.29,0,448,0.003552629,No
20.89,23.29,0,450.5,0.003552629,No
20.89,23.2,0,451,0.003538822,No
20.89,23.2,0,453,0.003538822,No
20.89,23.2,0,449,0.003538822,No
20.89,23.2,0,448.5,0.003538822,No
20.89,23.2,0,448.5,0.003538822,No
20.89,23.15,0,448.5,0.003531152,No
20.89,23.15,0,453.5,0.003531152,No
20.84,23.075,0,451,0.003508775,No
20.89,23.1,0,451.3333333,0.003523482,No
20.89,23.1,0,452,0.003523482,No
20.89,23.1,0,452.5,0.003523482,No
20.85666667,23.06666667,0,450.5,0.00351112,No
20.89,23.1,0,445.6666667,0.003523482,No
20.89,23.1,0,449.5,0.003523482,No
20.89,23.1,0,450,0.003523482,No
20.89,23.1,0,454,0.003523482,No
20.89,23.1,0,452,0.003523482,No
20.89,23.1,0,453.75,0.003523482,No
20.89,23.1,0,448.5,0.003523482,No
20.89,23.1,0,447,0.003523482,No
20.89,23.1,0,447.75,0.003523482,No
20.89,23.1,0,452,0.003523482,No
20.89,23,0,454,0.003508143,No
20.84,23.05,0,455,0.003504952,No
20.89,23.1,0,455,0.003523482,No
20.85666667,23.06666667,0,449,0.00351112,No
20.89,23,0,449,0.003508143,No
20.89,23,0,452,0.003508143,No
20.89,23,0,449,0.003508143,No
20.79,22.89,0,450,0.003469731,No
20.79,22.89,0,452,0.003469731,No
20.84,22.945,0,449,0.003488896,No
20.79,22.89,0,448.3333333,0.003469731,No
20.79,22.84,0,448,0.003462109,No
20.79,22.84,0,449.5,0.003462109,No
20.79,22.89,0,454,0.003469731,No
20.79,22.89,0,452,0.003469731,No
20.79,22.89,0,454.5,0.003469731,No
20.7,22.89,0,454.5,0.003450445,No
20.745,22.84,0,454,0.003452476,No
20.7,22.89,0,454.5,0.003450445,No
20.745,22.84,0,454,0.003452476,No
20.79,22.79,0,458,0.003454488,No
20.7,22.79,0,455.5,0.003435287,No
20.7,22.79,0,452,0.003435287,No
20.76,22.79,0,458.3333333,0.003448077,No
20.7,22.79,0,460,0.003435287,No
20.7,22.79,0,455,0.003435287,No
20.7,22.79,0,455,0.003435287,No
20.73,22.79,0,449,0.003441677,No
20.7,22.79,0,459,0.003435287,No
20.7,22.7,0,457,0.003421646,No
20.73,22.7,0,454,0.003428011,No
20.7,22.7,0,452.5,0.003421646,No
20.7,22.7675,0,456.75,0.003431877,No
20.7,22.79,0,454.5,0.003435287,No
20.7,22.7,0,453.5,0.003421646,No
20.7,22.7,0,458,0.003421646,No
20.7,22.7,0,451.5,0.003421646,No
20.7,22.7,0,451,0.003421646,No
20.7,22.7,0,455.6666667,0.003421646,No
20.7,22.7,0,457.5,0.003421646,No
20.7,22.7,0,452,0.003421646,No
20.7,22.65,0,451,0.003414068,No
20.7,22.63333333,0,454.6666667,0.003411542,No
20.7,22.6,0,454.6666667,0.003406491,No
20.7,22.6,0,454.5,0.003406491,No
20.7,22.6,0,456,0.003406491,No
20.7,22.5,0,455,0.003391335,No
20.7,22.5,0,451.5,0.003391335,No
20.7,22.5,0,455,0.003391335,No
20.7,22.5,0,454.5,0.003391335,No
20.7,22.5,0,451.6666667,0.003391335,No
20.7,22.5,0,453.5,0.003391335,No
20.7,22.5,0,456.5,0.003391335,No
20.7,22.5,0,457,0.003391335,No
20.7,22.5,0,454,0.003391335,No
20.7,22.5,0,453.5,0.003391335,No
20.7,22.5,0,457,0.003391335,No
20.7,22.445,0,459,0.003383,No
20.7,22.5,0,459,0.003391335,No
20.7,22.39,0,454.75,0.003374666,No
20.7,22.39,0,457,0.003374666,No
20.7,22.39,0,458,0.003374666,No
20.7,22.39,0,449,0.003374666,No
20.7,22.39,0,451,0.003374666,No
20.7,22.39,0,457.5,0.003374666,No
20.7,22.39,356,457,0.003374666,Yes
20.7,22.4175,426,460.25,0.003378833,No
20.7,22.5,423.6666667,465.3333333,0.003391335,No
20.7,22.46333333,423.6666667,472.6666667,0.003385779,No
20.7225,22.5,419,470.75,0.003396065,Yes
20.73,22.5,419,472,0.003397643,Yes
20.7225,22.525,419,470.5,0.003399859,Yes
20.7675,22.65,411,478,0.003428371,Yes
20.79,22.79,411,492,0.003454488,Yes
20.815,22.8675,411,497.75,0.00347167,Yes
20.82333333,23.03333333,408.3333333,499,0.003498792,Yes
20.815,23.025,400,507,0.003495715,Yes
20.89,23.175,396,514.75,0.003534987,Yes
20.89,23.29,396,515,0.003552629,Yes
20.89,23.29,396,520.75,0.003552629,Yes
20.89,23.29,396,526,0.003552629,Yes
20.89,23.32333333,398.3333333,527,0.003557743,Yes
20.945,23.39,399.5,531.25,0.00358013,Yes
20.96333333,23.46333333,413,536,0.003595494,Yes
21,23.5,411,542.75,0.003609319,Yes
21,23.5,411,541,0.003609319,Yes
21,23.56666667,411,548.5,0.003619618,Yes
21,23.6,412.2,553.25,0.003624768,Yes
21,23.6,405,559.25,0.003624768,Yes
21,23.6,405,567.3333333,0.003624768,Yes
21,23.7,405,569,0.003640217,Yes
21,23.7,405,576,0.003640217,Yes
21.025,23.7225,405,578.75,0.003649329,Yes
21.025,23.7225,412,585.75,0.003649329,Yes
21.05,23.745,419,590,0.003658459,Yes
21.025,23.7225,419,590,0.003649329,Yes
21.1,23.76,419,587.6666667,0.003672112,Yes
21.075,23.72,419,594,0.003660236,Yes
21.03333333,23.66666667,419,602.3333333,0.003642565,Yes
21.075,23.7675,419,611,0.003667609,Yes
21.1,23.79,419,611.3333333,0.003676776,Yes
21.1,23.79,419,613,0.003676776,Yes
21.1,23.73,419,615,0.003667449,Yes
21.15,23.7225,419,615.75,0.003677624,Yes
21.2,23.745,419,620.5,0.003692515,Yes
21.2,23.79,419,630.6666667,0.003699555,Yes
21.2,23.79,419,640.5,0.003699555,Yes
21.26,23.85666667,423.6666667,641,0.00372375,Yes
21.29,23.865,422.5,650.75,0.00373196,Yes
21.29,23.89,422.5,650.5,0.003735893,No
21.29,23.89,419,651,0.003735893,Yes
21.32333333,23.92666667,428.3333333,654.6666667,0.003749364,Yes
21.29,24,424.6,664.25,0.003753199,Yes
21.34,24,426,675.4,0.003764793,Yes
21.29,24.05,429.5,675,0.003761065,Yes
21.29,24.1,419,679,0.003768932,Yes
21.315,24.175,426,685.5,0.003786568,Yes
21.29,24.2,419,689.3333333,0.003784666,Yes
21.29,24.2,433,692.75,0.003784666,Yes
21.34,24.15,433,695.5,0.003788467,Yes
21.32333333,24.1,433,693.3333333,0.003776691,Yes
21.29,24.1,433,694.25,0.003768932,Yes
21.34,24.2225,433,703,0.003799909,Yes
21.29,24.29,433,704.5,0.003798827,Yes
21.34,24.29,433,709,0.003810563,Yes
21.34,24.29,433,721.5,0.003810563,Yes
21.32333333,24.29,426.6666667,727,0.003806648,Yes
21.35666667,24.29,436.3333333,733,0.003814482,Yes
21.365,24.29,429,736.25,0.003816443,Yes
21.39,24.29,429,742,0.003822332,Yes
21.35666667,24.29,429,742.6666667,0.003814482,Yes
21.32333333,24.29,434,737,0.003806648,Yes
21.39,24.2675,444,739.25,0.003818769,Yes
21.32333333,24.29,444,752,0.003806648,Yes
21.39,24.29,444,753.75,0.003822332,Yes
21.365,24.2225,441.75,746.25,0.003805773,Yes
21.39,24.26,446,754.6666667,0.003817582,Yes
21.39,24.26,439,755.3333333,0.003817582,Yes
21.39,24.29,446.5,758.25,0.003822332,Yes
21.39,24.29,446,766.6,0.003822332,Yes
21.39,24.29,451.5,781,0.003822332,Yes
21.4175,24.315,455.25,785.5,0.003832783,Yes
21.39,24.29,447.3333333,789.6666667,0.003822332,Yes
21.445,24.34,444,787.5,0.003843257,Yes
21.46333333,24.35666667,455.6666667,787.6666667,0.003850253,Yes
21.5,24.39,454,782.5,0.003864277,Yes
21.5,24.39,457.3333333,782.3333333,0.003864277,Yes
21.5,24.39,454,786,0.003864277,Yes
21.5,24.35666667,465.6666667,786.6666667,0.003858963,Yes
21.5,24.365,465.5,785.25,0.003860291,Yes
21.5,24.29,469.6666667,788,0.003848335,Yes
21.525,24.5425,478.5,791.25,0.003894583,Yes
21.55,24.5175,471.25,808.75,0.003896587,Yes
21.6,24.39,473,812,0.00388815,Yes
21.6,24.55,484.5,811,0.003913817,Yes
21.7,24.7,482.5,817.75,0.003962194,Yes
21.7,24.69666667,487.5,833.25,0.003961656,Yes
21.7675,24.865,490,847.75,0.004005429,Yes
21.79,24.89,492,854,0.004015034,Yes
21.815,24.9175,497.25,863.5,0.004025682,Yes
21.84,25.0225,495.5,869.75,0.004048974,Yes
21.89,25.15,495.5,880,0.004082266,Yes
21.89,25.2,497,895.75,0.004090435,Yes
21.89,25.2,497,895.5,0.004090435,Yes
21.89,25.2925,495.5,910.75,0.004105549,Yes
21.9175,25.39,494,919.25,0.00412845,Yes
21.96333333,25.39333333,498.6666667,925.3333333,0.004140638,Yes
22,25.4725,504.25,933.75,0.004162997,Yes
22,25.5,506,936,0.004167521,Yes
22,25.519,505.75,939.375,0.004170647,Yes
22,25.538,505.5,942.75,0.004173773,Yes
22.025,25.5975,518.5,948.25,0.00418999,Yes
22.05,25.7475,508.5,961.5,0.004221183,Yes
22.06666667,25.79333333,503.6666667,969.3333333,0.004233077,Yes
22.06666667,25.89333333,496.3333333,973.6666667,0.004249601,Yes
22.1,25.92666667,503,986.3333333,0.004263823,Yes
22.1,25.945,506,994.5,0.004266859,Yes
22.1,26.075,489.5,1003.25,0.004288386,Yes
22.1,25.83,478,1006.666667,0.004247817,Yes
22.1,25.82333333,478,1009,0.004246713,Yes
22.1,25.8,483.25,998.75,0.00424285,Yes
22.1,25.8225,484,998,0.004246575,Yes
22.1,26.05,476,1008,0.004284246,Yes
22.1,26.1,486.5,1021,0.004292526,Yes
22.1,26.0725,476.25,1029.5,0.004287972,Yes
22.1,25.745,469,1025,0.004233743,Yes
22.1,25.79333333,459,1015,0.004241746,Yes
22.1,25.945,459,1011,0.004266859,Yes
22.1,26.03,459,1011.666667,0.004280934,Yes
22.125,26.025,460.25,1025,0.004286677,Yes
22.1,26.1,446.5,1026.75,0.004292526,Yes
22.1,26.1,466.5,1035,0.004292526,Yes
22.1,26.175,450.25,1032,0.004304946,Yes
22.1,26.2,439,1025.666667,0.004309086,Yes
22.1,26.1975,450.25,1026.5,0.004308672,Yes
22.1,26.2,454,1024,0.004309086,Yes
22.075,26.2,450.25,1023.5,0.004302479,Yes
22.075,26.2225,454,1026.5,0.0043062,Yes
22.1,26.29,454,1031.333333,0.004323991,Yes
22.1,26.29,454,1027,0.004323991,Yes
22.1,26.29,457.75,1031,0.004323991,Yes
22.1,26.35666667,462.3333333,1033,0.004335033,Yes
22.1,26.315,454,1037,0.004328132,Yes
22.1,26.39,456.5,1038,0.004340553,Yes
22.1,26.39,454,1034.5,0.004340553,Yes
22.1,26.39,461.5,1038.5,0.004340553,Yes
22.1,26.39,444,1037,0.004340553,Yes
22.1,26.5225,449.5,1037.5,0.004362499,Yes
22.125,26.4425,449.5,1032.75,0.004355927,Yes
22.1,26.47,449.5,1031.5,0.004353804,Yes
22.1,26.445,460,1039.25,0.004349663,Yes
22.1,26.5,453,1038,0.004358773,Yes
22.1,26.445,449.5,1040.25,0.004349663,Yes
22.1,26.5,449.5,1036.75,0.004358773,Yes
22.1,26.55,460,1045.5,0.004367054,Yes
22.1,26.5,453,1038,0.004358773,Yes
22.1,26.5,454.75,1041.75,0.004358773,Yes
22.1,26.6,449.5,1047.5,0.004375337,Yes
22.1,26.6,449.5,1045.5,0.004375337,Yes
22.1,26.575,449.5,1041.5,0.004371195,Yes
22.15,26.6,449.5,1043,0.004388782,Yes
22.1,26.7,455.5,1049,0.004391901,Yes
22.1,26.66666667,454,1048,0.00438638,Yes
22.1,26.675,454,1047,0.00438776,Yes
22.1,26.625,469,1047.4,0.004379478,Yes
22.1,26.65,469,1050,0.004383619,Yes
22.1,26.625,464,1047.75,0.004379478,Yes
22.1,26.65,469,1047,0.004383619,Yes
22.1,26.64,469,1048.25,0.004381962,Yes
22.1,26.63333333,459,1044,0.004380858,No
22.1,26.6,459,1036.5,0.004375337,No
22.05,26.575,469,1039,0.004357799,No
22.05,26.55,469,1039,0.00435367,No
22.025,26.4425,469,1034.25,0.004329269,Yes
22.05,26.34,469,1024.5,0.004318996,Yes
22,26.29,469,1024.75,0.004297525,Yes
22,26.29,469,1024,0.004297525,Yes
22,26.23,469,1021.666667,0.004287649,Yes
22.06666667,26.26,464,1016,0.004310195,Yes
22.05,26.245,454,1009,0.00430331,Yes
22.075,26.2925,454,1006.25,0.004317775,Yes
22.1,26.29,454,1007.5,0.004323991,Yes
22.1,26.245,461.5,1008,0.004316539,Yes
22.1,26.245,461.5,1002.5,0.004316539,Yes
22.1,26.245,464,999,0.004316539,Yes
22.1,26.245,459,1006,0.004316539,Yes
22.1,26.2,469,1003,0.004309086,Yes
22.08,26.216,461.5,1006.5,0.004306446,Yes
22.1,26.2,454,1014,0.004309086,Yes
22,26.1,454,1009,0.004266253,Yes
22.08,26.18,454,1009.6,0.004300492,Yes
22.025,26.125,454,1010.5,0.004276929,Yes
22,26.175,454,1012.5,0.004278597,Yes
22.03333333,26.23,454,1013.666667,0.004296435,Yes
22.075,26.2675,454,1023.25,0.004313641,Yes
22,26.2,439,1025,0.004282712,Yes
22.075,26.29,444.25,1022,0.004317361,Yes
22.06666667,26.35666667,453,1024,0.004326172,Yes
22.05,26.34,450.25,1030.5,0.004318996,Yes
22.06666667,26.35666667,454,1032,0.004326172,Yes
22.075,26.3425,454,1033,0.004326043,Yes
22.025,26.34,469,1031,0.004312371,Yes
22.025,26.315,463,1039,0.004308249,Yes
22.03333333,26.39,471,1044.333333,0.004322825,Yes
22.075,26.365,464,1039.5,0.004329764,Yes
22.075,26.365,464,1044,0.004329764,Yes
22.06666667,26.42666667,464,1044.666667,0.004337742,Yes
22.06666667,26.46333333,474,1051,0.004343802,Yes
22.1,26.5,479,1047,0.004358773,Yes
22.1,26.5,465.25,1054,0.004358773,Yes
22.1,26.5,469,1063.75,0.004358773,Yes
22.1,26.5,464,1063.5,0.004358773,Yes
22.1,26.525,466.75,1061.25,0.004362914,Yes
22.1,26.6,465.6666667,1065.666667,0.004375337,Yes
22.1,26.6,464,1073.25,0.004375337,Yes
22.1,26.6,459,1083.666667,0.004375337,Yes
22.1,26.6,454,1082,0.004375337,Yes
22.13333333,26.6,454,1077,0.004384296,Yes
22.1,26.6,454,1077.333333,0.004375337,Yes
22.175,26.6,454,1079.5,0.004395519,Yes
22.175,26.6,450.25,1077.75,0.004395519,Yes
22.175,26.6,442.75,1067.75,0.004395519,Yes
22.175,26.6,439,1070.25,0.004395519,Yes
22.2,26.6,439,1070.333333,0.004402265,Yes
22.2,26.6,449.5,1075.5,0.004402265,Yes
22.2,26.6,454.75,1076.5,0.004402265,Yes
22.2,26.6,448,1068,0.004402265,Yes
22.2,26.6,444,1071.5,0.004402265,Yes
22.15,26.6,444,1075.75,0.004388782,Yes
22.15,26.6,444,1073.25,0.004388782,Yes
22.2,26.6,454.6666667,1069,0.004402265,Yes
22.175,26.675,460,1062.5,0.004408,Yes
22.2,26.7,460,1066.25,0.004418932,Yes
22.2,26.76333333,449.3333333,1060,0.004429489,Yes
22.16666667,26.85666667,444,1077,0.004435966,Yes
22.2,26.79,444,1091.75,0.004433934,Yes
22.2,26.85666667,444,1097.333333,0.004445046,Yes
22.175,26.9175,440.25,1096.75,0.00444836,Yes
22.2,26.9175,444,1104,0.004455187,Yes
22.2,26.89,454.6666667,1105,0.004450603,Yes
22.2,26.9725,449.5,1104.75,0.004464356,Yes
22.2,27,454,1108.666667,0.00446894,Yes
22.2,27,454,1116.25,0.00446894,Yes
22.2,27,454,1120.666667,0.00446894,Yes
22.2,27.025,457.75,1127.25,0.004473108,Yes
22.2,27,454,1134.25,0.00446894,Yes
22.2,27,454,1131.25,0.00446894,Yes
22.2,27.05,454,1131,0.004477275,Yes
22.2,27,454,1129.75,0.00446894,Yes
22.2,27.06666667,454,1137.333333,0.004480054,Yes
22.2,27,449.5,1136.5,0.00446894,Yes
22.2,27.075,460,1129,0.004481443,Yes
22.2,27.1,444,1126.5,0.004485611,Yes
22.2,27.075,444,1133.25,0.004481443,Yes
22.2,27.06666667,444,1139,0.004480054,Yes
22.2,27.1,444,1137,0.004485611,Yes
22.175,27.1,444,1136.75,0.004478737,Yes
22.2,27.1,444,1131.25,0.004485611,Yes
22.2,27.03333333,444,1132.333333,0.004474497,Yes
22.2,27,444,1127.5,0.00446894,Yes
22.2,27.025,444,1114.5,0.004473108,Yes
22.2,27.1,460,1121.25,0.004485611,Yes
22.2,27.1,460,1124,0.004485611,Yes
22.175,27.175,454.75,1127.25,0.004491221,Yes
22.175,27.125,460,1136,0.004482898,Yes
22.175,27.125,458.5,1127.75,0.004482898,Yes
22.2,27.1,461.5,1122.5,0.004485611,Yes
22.2,27.1,464,1118,0.004485611,Yes
22.2,27.1,465.6666667,1110,0.004485611,Yes
22.2,27.075,481.5,1115,0.004481443,Yes
22.2,27.1,474,1119.75,0.004485611,Yes
22.2,27,486.5,1114,0.00446894,Yes
22.175,27,471.5,1104.75,0.004462091,Yes
22.2,27.06666667,474,1099.333333,0.004480054,Yes
22.2,27,481.5,1097.75,0.00446894,Yes
22.2,26.945,489,1093.5,0.004459771,Yes
22.2,27,504,1088,0.00446894,Yes
22.2,27,502.3333333,1083.666667,0.00446894,Yes
22.2,27,524,1085.5,0.00446894,Yes
22.2,26.96333333,550,1086.5,0.004462827,Yes
22.2,26.84,554.2,1081.8,0.004442268,Yes
22.26,26.85666667,562.3333333,1081,0.004461432,Yes
22.29,26.865,568.5,1063.25,0.004471042,Yes
22.315,26.865,606.5,1063,0.004477898,Yes
22.39,26.79,696.5,1078,0.004485874,Yes
22.39,26.9725,657.25,1086,0.004516655,Yes
22.42666667,27,744,1098.333333,0.004531459,Yes
22.4725,26.89,708.75,1099,0.004525546,Yes
22.53333333,26.82333333,607,1092.333333,0.004531083,Yes
22.575,26.84,660,1093.5,0.004545492,Yes
22.6,26.79,688.5,1100.5,0.004543905,Yes
22.6,26.815,558,1102,0.004548177,Yes
22.6,26.85666667,661.3333333,1105,0.004555296,Yes
22.675,26.89,665.5,1111.25,0.004581955,Yes
22.66666667,26.96333333,647.6666667,1108.333333,0.004592203,Yes
22.7,27.075,638,1124.25,0.004620769,Yes
22.7225,26.7475,558,1125.25,0.004570746,Yes
22.7,26.89,534,1106,0.004588963,Yes
22.7,26.89,520,1110.333333,0.004588963,Yes
22.7,26.9175,513.5,1117.5,0.00459369,Yes
22.7,26.89,531.25,1120,0.004588963,No
22.7,26.89,539,1113.666667,0.004588963,No
22.7,26.89,545.75,1104.75,0.004588963,No
22.675,26.865,604.75,1103.25,0.004577664,No
22.7,26.815,597.25,1102.75,0.004576069,No
22.7,26.7,528,1090,0.0045563,No
22.7,26.7,521,1086.25,0.0045563,No
22.7,26.66666667,535.6666667,1083.666667,0.00455057,No
22.675,26.575,533.25,1078.5,0.00452789,No
22.65,26.55,523.75,1064.75,0.004516692,No
22.66666667,26.56666667,524,1053,0.004524155,No
22.65,26.55,521,1051,0.004516692,Yes
22.625,26.4975,536.25,1041,0.004500811,Yes
22.6,26.39,548.3333333,1039,0.004475572,Yes
22.625,26.4975,565.75,1037.5,0.004500811,Yes
22.625,26.525,584.5,1043,0.004505516,Yes
22.6,26.5,535,1046.333333,0.004494363,Yes
22.6,26.5,546.3333333,1045.333333,0.004494363,Yes
22.6,26.5,630.5,1035.75,0.004494363,Yes
22.63333333,26.46,570.6666667,1029.666667,0.004496686,Yes
22.65,26.495,630,1034,0.004507267,Yes
22.675,26.525,732.75,1038.5,0.004519309,Yes
22.7225,26.4725,686.25,1027,0.004523411,Yes
22.76,26.39,635.5,1022,0.004519554,No
22.85666667,26.32333333,676,1024.75,0.004534741,No
22.89,26.245,567.25,1020,0.004530356,No
22.89,26.2,582.5,1015.5,0.004522532,No
22.89,26.1,618.75,1007,0.004505145,No
22.89,26.175,579.25,997.5,0.004518185,No
22.89,26.13333333,590.3333333,1002,0.00451094,No
22.89,26.1,584.5,1000,0.004505145,No
22.89,26,564,997.75,0.004487759,No
22.89,25.945,534,987,0.004478198,Yes
22.84,25.9175,496.5,983,0.004459787,Yes
22.82333333,25.85666667,340.6666667,983,0.00444472,Yes
22.79,25.865,38.75,979,0.004437124,No
22.79,25.82333333,31,977,0.004429925,No
22.79,25.9725,26.75,961.5,0.004455697,No
22.745,26,22,963.25,0.004448207,No
22.7,26,13,974,0.004435995,No
22.7,26.075,31,965.25,0.004448882,No
22.66666667,26.06666667,32.66666667,962.3333333,0.0044384,No
22.6,26.05,33.5,957,0.004417501,No
22.6,26.1,28,949.5,0.00442604,No
22.56666667,26.1,31,950.3333333,0.004417027,No
22.525,26.1,33.5,949.5,0.004405783,No
22.5,26.1,31,948.75,0.004399048,No
22.5,26.1,31,944,0.004399048,No
22.4175,26.05,33.5,934.5,0.004368446,No
22.39,26.1,33.5,931.75,0.004369525,No
22.39,26.1,28.66666667,928.6666667,0.004369525,No
22.39,26.1,46,930.5,0.004369525,No
22.39,26.1,53,923.25,0.004369525,No
22.39,26.1,71.5,921,0.004369525,No
22.34,26.1,103,916.5,0.004356163,No
22.32333333,26.1,91.66666667,912.3333333,0.004351717,No
22.29,26.1,90,902.25,0.004342837,No
22.29,26.1,81.66666667,903,0.004342837,No
22.29,26.1,112.75,898.5,0.004342837,No
22.29,26.16666667,334.3333333,900.3333333,0.004354007,Yes
22.29,26.15,472.25,893.75,0.004351215,Yes
22.29,26.1,503.5,892.5,0.004342837,No
22.2675,26.1725,567.5,883.5,0.004348983,No
22.29,26.29,569.25,879.25,0.004374674,No
22.29,26.26,490.6666667,887.3333333,0.004369647,No
22.29,26.2,487.3333333,890,0.004359593,No
22.29,26.2,500,891.25,0.004359593,No
22.29,26.2,524,891,0.004359593,No
22.29,26.175,545.3333333,881,0.004355404,No
22.315,26.1,520.6,866.25,0.004349495,No
22.29,26.1,509,864.6666667,0.004342837,No
22.34,26.1,476.5,870,0.004356163,No
22.315,26.1,471.5,862,0.004349495,No
22.29,26.1,464,857.5,0.004342837,No
22.29,26.1,464,851.3333333,0.004342837,No
22.29,26.1,459,846.75,0.004342837,No
22.29,26.1,459,844.6666667,0.004342837,No
22.29,26.1,454.75,843,0.004342837,No
22.29,26.1,444,840.5,0.004342837,No
22.29,26.025,456,831.25,0.004330271,No
22.29,26,461,829,0.004326082,No
22.29,26,461.5,825.5,0.004326082,No
22.29,26,464,813.6666667,0.004326082,No
22.29,26,476.5,819,0.004326082,No
22.29,26,489,819.5,0.004326082,No
22.29,25.945,489,810,0.004316867,No
22.29,25.945,484,809.5,0.004316867,Yes
22.29,25.96333333,454,801,0.004319939,Yes
22.2675,25.89,451,795,0.004301716,No
22.2675,25.89,449.5,785,0.004301716,No
22.2675,25.9175,449.5,795,0.004306317,No
22.29,25.92666667,453,795.25,0.004313796,No
22.245,25.89,451.75,797.5,0.004295788,No
22.29,25.89,459,797,0.004307653,No
22.2675,25.89,459,795.5,0.004301716,No
22.2675,25.865,464,784.5,0.004297534,No
22.29,25.89,454,775.5,0.004307653,No
22.23,25.82333333,454,777.3333333,0.004280712,No
22.2225,25.8925,448,775.5,0.004290283,No
22.2,25.96,453,780,0.004295614,Yes
22.2225,25.99,444,781.5,0.00430655,Yes
22.2,26.1225,444,776.75,0.00432269,Yes
22.2,26.05,444,782,0.00431061,Yes
22.2,26.213,441.9,788.6,0.00433777,Yes
22.2,26.376,439.8,795.2,0.004364933,Yes
22.2,26.6,442.5,818.5,0.004402265,Yes
22.2,26.66666667,447,828.3333333,0.004413376,Yes
22.2,26.745,443.5,837,0.004426433,Yes
22.2,26.82333333,441,832.6666667,0.00443949,Yes
22.2,26.945,438,847.5,0.004459771,Yes
22.2,27,438,849,0.00446894,Yes
22.2,26.9175,438,850,0.004455187,Yes
22.2,26.9175,447,842.5,0.004455187,Yes
22.2,27.1,441,839,0.004485611,Yes
22.245,27.125,438,847.75,0.004502188,Yes
22.2,27.19666667,441,860,0.004501727,Yes
22.2,27.4175,438,885.75,0.004538547,Yes
22.2,27.5,429,910,0.004552304,Yes
22.2675,27.4225,429,917.25,0.004558213,Yes
22.2,26.8975,438,919.75,0.004451853,Yes
22.23,27.73,441,932,0.004599115,Yes
22.2,27.745,438,942,0.00459316,Yes
22.2675,28.025,429,959.75,0.004659112,Yes
22.2,28,444,966.5,0.00463569,Yes
22.2,28.1,451,970.6666667,0.00465237,Yes
22.245,28.2225,454,988.75,0.004685722,Yes
22.2225,28.2225,465.25,996.75,0.004679259,Yes
22.2225,28.3675,474.5,1012,0.004703482,Yes
22.29,28.39,479,1021,0.004726771,Yes
22.245,28.245,525.5,1019.5,0.004689486,Yes
22.29,28.39,515,1020,0.004726771,Yes
22.29,28.5,494,1037,0.004745225,Yes
22.29,28.42666667,487.3333333,1047,0.004732922,Yes
22.315,28.39,474.5,1051,0.004734022,Yes
22.32333333,28.39,486,1052.333333,0.004736442,Yes
22.29,28.35666667,502.3333333,1048.333333,0.004721179,Yes
22.29,28.34,540.5,1050.5,0.004718383,Yes
22.34,28.39,504,1052.25,0.004741284,Yes
22.39,28.2,489,1053,0.004723766,Yes
22.39,28.2,490.25,1051,0.004723766,Yes
22.39,28.29333333,536.3333333,1049.666667,0.004739519,Yes
22.39,28.39,532,1054,0.004755836,Yes
22.39,28.2925,543,1067.75,0.004739378,Yes
22.42666667,28.2,543,1066.333333,0.00473439,Yes
22.445,28.245,543,1066.5,0.004747331,Yes
22.5,28.365,533.25,1081,0.004783741,Yes
22.46333333,28.32666667,527,1081.333333,0.004766511,Yes
22.5,28.3175,534,1084.5,0.004775669,Yes
22.55,28.3175,530,1082.5,0.004790309,Yes
22.5,28.34,524,1087.5,0.004779492,Yes
22.525,28.39,526.25,1094,0.004795324,Yes
22.5,28.39,522,1103.333333,0.00478799,Yes
22.5,28.03333333,517,1099.333333,0.00472738,Yes
22.525,28.025,513.5,1085,0.004733203,Yes
22.575,28.22,524,1086.25,0.004780998,Yes
22.6,28.2,513.5,1103,0.004784898,Yes
22.6,28.245,513.5,1106.75,0.004792592,Yes
22.5,28.29,513.5,1104,0.004770995,Yes
22.6,28.315,518,1102.25,0.004804562,Yes
22.55,28.2675,520.75,1097.5,0.004781786,Yes
22.6,28.29,525,1100,0.004800287,Yes
22.6,28.245,524.8333333,1101,0.004792592,Yes
22.6,28.2,524.6666667,1102,0.004784898,Yes
22.6,28.39,489,1102.5,0.004817386,Yes
22.6,28.39,474,1114,0.004817386,Yes
22.6,28.34,474,1112,0.004808837,Yes
22.6,28.1725,472.75,1113.5,0.004780196,Yes
22.6,28.1475,471.5,1105.25,0.004775922,Yes
22.6,28.23,464,1104.333333,0.004790028,Yes
22.6,28.13333333,469,1107.333333,0.004773499,Yes
22.575,28,465.25,1108.25,0.004743442,Yes
22.6,28,454,1101.666667,0.004750703,Yes
22.55,27.82,450.25,1097,0.004705513,Yes
22.525,27.815,449.5,1092.25,0.004697468,Yes
22.5,27.815,454.75,1102.75,0.004690284,Yes
22.5,27.745,449.5,1097,0.004678392,Yes
22.525,27.7,454.75,1086.333333,0.0046779,Yes
22.55,27.7,454.75,1092,0.004685063,Yes
22.5,27.6,460,1085,0.004653759,Yes
22.5,27.7,460,1084,0.004670747,Yes
22.5,27.6,436.5,1076.25,0.004653759,Yes
22.5,27.33,460,1060.666667,0.004607896,Yes
22.55,27.445,449.5,1051.5,0.004641612,Yes
22.5,27.4725,460.75,1062,0.0046321,Yes
22.5,27.39,461,1068.333333,0.004618087,Yes
22.5,27.34,454,1074,0.004609594,Yes
22.5,27.29,469,1072,0.004601102,Yes
22.5,27.315,469,1068,0.004605348,Yes
22.5,27.29,479.6666667,1072,0.004601102,Yes
22.5,27.2225,476.75,1072.75,0.004589637,Yes
22.5,27.2225,476.5,1074,0.004589637,Yes
22.5,27.2,474,1069,0.004585816,Yes
22.5,27.15,481.5,1068.25,0.004577324,Yes
22.5,27.2225,474,1079.75,0.004589637,Yes
22.4725,27.1975,479,1085,0.004577678,Yes
22.5,27.16666667,469,1066,0.004580154,Yes
22.5,27.125,474,1063.5,0.004573078,Yes
22.5,27.15,469,1065.5,0.004577324,Yes
22.5,27.125,474,1071.25,0.004573078,Yes
22.5,27.06666667,479,1068,0.004563171,Yes
22.5,27.1,478.5,1064.75,0.004568832,Yes
22.5,27.1,478.5,1070.75,0.004568832,Yes
22.5,27.1,477,1072.333333,0.004568832,Yes
22.5,27.025,470.25,1079.25,0.004556095,Yes
22.5,27,469,1063.5,0.00455185,Yes
22.5,27,460.6666667,1074.333333,0.00455185,Yes
22.5,26.9725,465.25,1068.75,0.00454718,Yes
22.5,26.73333333,452.3333333,1064,0.004506567,Yes
22.5,26.925,446.5,1048.5,0.004539113,Yes
22.5,26.9725,449.5,1054.5,0.00454718,Yes
22.5,27.05,460,1055.5,0.004560341,Yes
22.445,26.9,456,1064,0.004519625,Yes
22.4175,26.82,456,1063.25,0.004498504,Yes
22.39,26.69666667,444,1078,0.004470133,Yes
22.39,26.96333333,444,1067.333333,0.004515109,Yes
22.39,27.0225,454.75,1074.75,0.004525088,Yes
22.39,26.82333333,453,1077.333333,0.004491496,Yes
22.39,26.84,449.5,1072.75,0.004494307,Yes
22.39,26.745,449.5,1074.25,0.004478285,Yes
22.39,26.79,456,1074,0.004485874,Yes
22.35666667,26.73,449.3333333,1068.333333,0.004466625,Yes
22.39,26.5725,444,1062.75,0.004449194,Yes
22.39,26.675,444,1056.5,0.00446648,Yes
22.39,26.695,444,1054,0.004469852,Yes
22.39,26.745,444,1068,0.004478285,Yes
22.39,26.79,444,1074,0.004485874,Yes
22.4175,26.65,444,1078.75,0.004469785,Yes
22.4725,26.745,429,1077.5,0.004500966,Yes
22.445,26.695,429,1077.5,0.004484933,Yes
22.445,26.745,429,1083.25,0.004493394,Yes
22.42666667,26.69666667,429,1088,0.004480183,Yes
22.39,26.79,438,1086,0.004485874,Yes
22.42666667,26.73,441,1087.666667,0.004485817,Yes
22.39,26.5475,438,1075,0.004444978,Yes
22.39,26.4175,438,1067.75,0.004423057,Yes
22.39,26.53333333,441,1064,0.004442589,Yes
22.39,26.456,438,1063.25,0.004429549,Yes
22.39,26.26,432.75,1065.5,0.0043965,Yes
22.39,26.42666667,444,1068.666667,0.004424603,Yes
22.39,26.4175,444,1073.25,0.004423057,Yes
22.39,26.34,444,1061.5,0.004409989,Yes
22.39,26.32333333,444,1060.333333,0.004407179,Yes
22.39,26.46333333,444,1057.333333,0.004430785,Yes
22.39,26.015,444,1056.25,0.004355195,Yes
22.39,26.045,429,1046,0.004360252,Yes
22.39,26.29,435,1049.666667,0.004401559,Yes
22.39,26.2675,438,1052.75,0.004397765,Yes
22.39,26.29,438,1044.5,0.004401559,Yes
22.39,26.32333333,441,1053.666667,0.004407179,Yes
22.35666667,26.32333333,441,1059,0.00439819,Yes
22.39,26.34,438,1067.25,0.004409989,Yes
22.365,26.29,438,1067.25,0.004394824,Yes
22.32333333,26.39,441,1065.333333,0.004400411,Yes
22.34,26.39,438,1068.75,0.004404907,Yes
22.34,26.39,447,1074.75,0.004404907,Yes
22.32333333,26.46333333,447,1076.333333,0.004412726,Yes
22.365,26.4725,447,1077.5,0.004425549,Yes
22.315,26.3425,438,1073,0.004390193,Yes
22.34,26.145,438,1068,0.004363726,Yes
22.29,26.1425,438,1061.75,0.004349958,Yes
22.29,25.7,441,1045.666667,0.004275823,Yes
22.29,26.22,438,1041.5,0.004362944,Yes
22.29,26.2425,442.5,1051,0.004366714,Yes
22.29,26.125,438,1059.25,0.004347026,Yes
22.315,26.2,438,1065,0.004366277,Yes
22.29,26.175,442.5,1064.75,0.004355404,Yes
22.29,26.1,441,1054.666667,0.004342837,Yes
22.29,25.995,447,1042.5,0.004325244,Yes
22.2675,25.8925,438,1039,0.004302135,Yes
22.29,25.89,447,1036.333333,0.004307653,Yes
22.29,25.89,447,1036.5,0.004307653,Yes
22.29,25.85666667,433,1038.666667,0.004302068,Yes
22.245,25.7225,433,1030.5,0.004267805,Yes
22.23,25.66666667,433,1023.666667,0.004254563,Yes
22.29,25.6,433,1019.5,0.004259071,Yes
22.245,25.55,433,1010,0.004238989,Yes
22.2675,25.575,433,1002.75,0.004249021,Yes
22.29,25.56666667,433,1002.333333,0.004253488,Yes
22.2675,25.4975,433,998.75,0.004236057,Yes
22.245,25.55,433,1002,0.004238989,Yes
22.29,25.5,433,1002.25,0.004242321,Yes
22.29,25.5,433,1001.5,0.004242321,Yes
22.29,25.445,433,998.5,0.004233108,Yes
22.29,25.2,433,990.75,0.004192075,Yes
22.29,25.23,433,991,0.004197099,Yes
22.245,25.15,433,986,0.00417218,Yes
22.29,25.2675,433,976.25,0.004203379,Yes
22.29,25.2,433,966,0.004192075,Yes
22.29,25.2,433,966.3333333,0.004192075,Yes
22.29,25.15,433,967.5,0.004183701,Yes
22.29,25.03,433,970,0.004163605,Yes
22.2225,24.865,433,954.75,0.004118903,Yes
22.26,24.82666667,433,951.6666667,0.004121974,Yes
22.245,24.89,433,940.75,0.004128762,Yes
22.245,24.89,433,935.5,0.004128762,Yes
22.2225,24.84,433,933.25,0.004114734,Yes
22.2,24.7,433,937.6666667,0.004085752,Yes
22.2,24.7,433,938,0.004085752,Yes
22.2,24.7,433,933.5,0.004085752,Yes
22.2,24.7,433,925.5,0.004085752,Yes
22.2,24.65,433,921,0.004077427,Yes
22.2,24.56666667,433,920.3333333,0.004063552,Yes
22.2,24.55,433,912.25,0.004060778,Yes
22.2,24.334,429.5,913,0.004024818,Yes
22.2,24.34,433,903,0.004025817,Yes
22.2,24.395,433,905.5,0.004034973,Yes
22.2,24.34,433,907,0.004025817,Yes
22.2,24.35666667,433,903,0.004028591,Yes
22.175,24.39,433,900.5,0.004027963,Yes
22.175,24.365,433,900.25,0.004023807,Yes
22.2,24.365,433,900.5,0.004029979,Yes
22.13333333,24.29,433,898.6666667,0.004001106,Yes
22.15,24.2225,433,892,0.003993996,Yes
22.13333333,24.2,433,886,0.003986186,Yes
22.1,24.2675,433,884.25,0.003989212,Yes
22.1,24.245,433,887,0.003985489,Yes
22.1,24.29,433,884,0.003992934,Yes
22.125,24.2675,433,878.5,0.003995333,Yes
22.13333333,24.26,433,887,0.003996132,Yes
22.125,24.15,433,882.25,0.003975865,Yes
22.1,24.0725,433,879.25,0.003956953,Yes
22.1,23.99666667,433,866,0.003944408,Yes
22.1,24.12,433,866,0.00396481,Yes
22.06666667,23.92666667,433,863,0.003924796,Yes
22.025,23.945,433,853.25,0.003917793,Yes
22,23.92666667,433,858,0.003908772,Yes
22,23.89,433,852.5,0.003902744,Yes
22,23.89,433,850.6666667,0.003902744,Yes
22.025,23.9175,433,847,0.003913265,Yes
22,23.89,433,840.6666667,0.003902744,Yes
22.075,23.9725,426,839,0.003934373,Yes
22.025,24.0475,213,845.5,0.00393467,Yes
22,24.1,0,844,0.003937268,No
22,24.1,0,846.6666667,0.003937268,No
22,24.1,0,852,0.003937268,No
21.945,23.795,0,851,0.003874025,No
21.89,23.85666667,0,824.6666667,0.00387103,No
21.89,23.84,0,817,0.003868309,No
21.84,23.745,0,813.6666667,0.003840981,No
21.84,23.745,0,805,0.003840981,No
21.79,23.7,0,807,0.003821894,No
21.79,23.745,0,800,0.003829196,No
21.79,23.7,0,781,0.003821894,No
21.745,23.55,0,776.5,0.003787066,No
21.7,23.7,0,771,0.003800801,No
21.7,23.66666667,0,775,0.003795423,No
21.7,23.66666667,0,771,0.003795423,No
21.7,23.39,0,763,0.003750786,No
21.7,23.55,0,755,0.0037766,No
21.6,23.6,0,754,0.00376145,No
21.7,23.6,0,755,0.003784667,No
21.6,23.39333333,0,754.6666667,0.003728313,No
21.6,23.55,0,751.5,0.003753433,No
21.6,23.5,0,748.5,0.003745416,No
21.55,23.5,0,745.5,0.003733904,No
21.55,23.445,0,749,0.003725113,No
21.56666667,23.5,0,746.6666667,0.003737738,No
21.55,23.5,0,738.5,0.003733904,No
21.5,23.35,0,732.5,0.003698522,No
21.5,23.26,0,725.5,0.003684182,No
21.5,23.245,0,711.6666667,0.003681792,No
21.5,23.23,0,705.6666667,0.003679403,No
21.5,23.05,0,702.5,0.003650725,No
21.39,23.05,0,702.5,0.003626065,No
21.39,22.945,0,698.5,0.003609451,No
21.39,22.79,0,698,0.003584928,No
21.39,22.695,0,677.5,0.003569898,No
21.34,22.55,0,672,0.003536044,No
21.29,22.6,0,666.5,0.003533019,No
21.32333333,22.53333333,0,664.3333333,0.003529786,No
21.34,22.395,0,660.5,0.003511601,No
21.34,22.395,0,654,0.003511601,No
21.29,21.945,0,650,0.003430059,No
21.29,21.85,0,635.5,0.003415129,No
21.245,21.745,0,634,0.003389208,No
21.2,21.745,0,631.5,0.003379811,No
21.2,21.995,0,631,0.003418882,No
21.245,22.1,0,637.5,0.003444845,No
21.29,22.1,0,640,0.00345442,No
21.29,21.86333333,0,638.6666667,0.003417224,No
21.29,21.5,0,628,0.003360128,No
21.29,21.34,0,617,0.003334989,No
21.2,21.16666667,0,612.3333333,0.003289446,No
21.2,21.56666667,0,609,0.003351944,No
21.2,21.6,0,616,0.003357152,No
21.2,21.55,0,614,0.003349339,No
21.2,21.445,0,613.5,0.003332933,No
21.2,21.195,0,611.5,0.003293872,No
21.2,21.2,0,600,0.003294654,No
21.2,21.35666667,0,599,0.003319131,No
21.2,21.06666667,0,592.6666667,0.003273823,No
21.2,21.23,0,593,0.003299341,No
21.2,21.2,0,586,0.003294654,No
21.2,21.2,0,585,0.003294654,No
21.29,21.1,0,592.5,0.003297283,No
21.29,21.1,0,593,0.003297283,No
21.29,20.89,0,583,0.003264294,No
21.29,20.65,0,579.3333333,0.003226597,No
21.29,20.89,0,578,0.003264294,No
21.29,20.7475,0,570.5,0.003241911,No
21.29,20.795,0,571,0.003249372,No
21.29,20.65,0,571,0.003226597,No
21.245,20.79,0,563.5,0.003239585,No
21.2,20.495,0,560.5,0.00318453,No
21.2,20.39333333,0,556,0.003168652,No
21.2,20.3225,0,550.25,0.003157591,No
21.2,20.1225,0,544.5,0.00312636,No
21.2,20.22666667,0,547.6666667,0.003142625,No
21.2,20,0,545,0.003107232,No
21.1,20.2,0,536,0.003119155,No
21.1,20.1,0,538,0.003103636,No
21.1,20.195,0,539.5,0.003118379,No
21.1,20.245,0,542.5,0.003126138,No
21.15,20.245,0,539,0.0031358,No
21.1,20.03333333,0,532.3333333,0.003093291,No
21.15,20,0,534,0.003097662,No
21.15,20,0,538.5,0.003097662,No
21.2,19.96333333,0,538,0.003101507,No
21.2,19.995,0,539.5,0.003106451,No
21.2,19.895,0,531,0.003090838,No
21.2,20,0,526.5,0.003107232,No
21.2,19.96333333,0,522,0.003101507,No
21.2,19.895,0,526,0.003090838,No
21.2,19.945,0,522.6666667,0.003098645,No
21.2,19.84,0,525.3333333,0.003082251,No
21.2,19.79,0,516.3333333,0.003074445,No
21.15,19.65,0,520,0.003043188,No
21.1,19.795,0,515.5,0.00305631,No
21.1,19.79,0,513.5,0.003055534,No
21.1,19.79,0,517,0.003055534,No
21.1,19.79,0,517,0.003055534,No
21.175,19.79,0,514.75,0.003069708,No
21.2,19.63,0,510,0.003049467,No
21.1,19.29,0,503.5,0.002977966,No
21.1,19.39,0,502,0.002993478,No
21.1,19.65,0,498.5,0.003033813,No
21.075,19.65,0,498.5,0.003029135,No
21.05,19.6,0,502.5,0.00301673,No
21.1,19.7,0,505,0.00304157,No
21.15,19.55,0,506.5,0.003027626,No
21.15,19.445,0,500,0.003011286,No
21.2,19.6,0,496,0.003044783,No
21.175,19.4425,0,499.25,0.003015544,No
21.16666667,19.49666667,0,497.6666667,0.003022432,No
21.15,19.55,0,497,0.003027626,No
21.1,19.5,0,498,0.003010542,No
21.2,19.39,0,495,0.003012003,No
21.2,19.34,0,491.5,0.003004198,No
21.15,19.395,0,491,0.003003506,No
21.16666667,19.5,0,493,0.003022951,No
21.1,19.5,0,489,0.003010542,No
21.2,19.445,0,485.5,0.003020588,No
21.2,19.39,0,488.5,0.003012003,No
21.2,19.39,0,486,0.003012003,No
21.2,19.445,0,488.5,0.003020588,No
21.2,19.29,0,490,0.002996394,No
21.2,19.39,0,491,0.003012003,No
21.2,19.245,0,487,0.00298937,No
21.2,19.34,0,485.5,0.003004198,No
21.2,19.29,0,484.5,0.002996394,No
21.2,19.29,0,491,0.002996394,No
21.2,19.29,0,485,0.002996394,No
21.2,19.29,0,484.5,0.002996394,No
21.2,19.29,0,482,0.002996394,No
21.2,19.315,0,491.25,0.003000296,No
21.2,19.34,0,486.5,0.003004198,No
21.2,19.39,0,481,0.003012003,No
21.2,19.39,0,480,0.003012003,No
21.2,19.34,0,483.5,0.003004198,No
21.2,19.39,0,481.3333333,0.003012003,No
21.2,19.39,0,484.3333333,0.003012003,No
21.2,19.39,0,479.6666667,0.003012003,No
21.2,19.39,0,479,0.003012003,No
21.2,19.39,0,477.5,0.003012003,No
21.2,19.39,0,483,0.003012003,No
21.15,19.39,0,482,0.003002728,No
21.2,19.39,0,483.25,0.003012003,No
21.2,19.39,0,477,0.003012003,No
21.2,19.35666667,0,479,0.0030068,No
21.2,19.39,0,482.5,0.003012003,No
21.2,19.39,0,474,0.003012003,No
21.2,19.39,0,473,0.003012003,No
21.2,19.39,0,472,0.003012003,No
21.2,19.39,0,472.5,0.003012003,No
21.2,19.445,0,475,0.003020588,No
21.2,19.39,0,475,0.003012003,No
21.2,19.445,0,477.5,0.003020588,No
21.15,19.5,0,474,0.003019845,No
21.16666667,19.5,0,474.6666667,0.003022951,No
21.1,19.5,0,470.5,0.003010542,No
21.1,19.5,0,474.3333333,0.003010542,No
21.1,19.5,0,483,0.003010542,No
21.1,19.6,0,484,0.003026056,No
21.03333333,19.53333333,0,479.3333333,0.003003327,No
21,19.6,0,479.5,0.00300743,No
21,19.6,0,473,0.00300743,No
21,19.6,0,470,0.00300743,No
21,19.6,0,464,0.00300743,No
21,19.7,0,463.5,0.003022848,No
21,19.7,0,467.5,0.003022848,No
21,19.7,0,476,0.003022848,No
21,19.76,0,474,0.0030321,No
21,19.79,0,471,0.003036726,No
21,19.79,0,472,0.003036726,No
21,19.79,0,472,0.003036726,No
21,19.79,0,474.25,0.003036726,No
20.9725,19.79,0,473,0.003031571,No
21,19.79,0,469,0.003036726,No
20.96333333,19.79,0,472.6666667,0.003029855,No
21,19.79,0,473,0.003036726,No
20.89,19.79,0,471.5,0.003016154,No
20.96333333,19.79,0,471.3333333,0.003029855,No
21,19.79,0,469,0.003036726,No
20.89,19.89,0,471,0.003031469,No
20.89,19.84,0,470,0.003023812,No
20.89,19.89,0,469.5,0.003031469,No
20.89,19.89,0,464,0.003031469,No
20.89,19.89,0,467,0.003031469,No
20.89,19.92666667,0,472,0.003037085,No
20.89,19.945,0,469.5,0.003039893,No
20.89,20,0,470.5,0.003048317,No
20.89,20,0,470,0.003048317,No
20.89,20,0,469,0.003048317,No
20.89,20,0,468.5,0.003048317,No
20.89,20,0,467.3333333,0.003048317,No
20.89,20,0,467,0.003048317,No
20.89,20,0,464,0.003048317,No
20.89,20,0,462,0.003048317,No
20.89,20,0,466,0.003048317,No
20.89,20,0,465.5,0.003048317,No
20.79,20,0,464,0.003029523,No
20.89,20,0,469.6666667,0.003048317,No
20.89,20.1,0,469.5,0.003063633,No
20.89,20.1,0,472,0.003063633,No
20.89,20.1,0,464.5,0.003063633,No
20.89,20.1,0,467,0.003063633,No
20.89,20.1,0,467,0.003063633,No
20.89,20.1,0,462,0.003063633,No
20.89,20.15,0,464.5,0.003071292,No
20.79,20.05,0,460,0.003037133,No
20.89,20.2,0,457,0.003078951,No
20.79,20.1,0,461,0.003044744,No
20.79,20.1,0,462,0.003044744,No
20.79,20.15,0,463.5,0.003052356,No
20.79,20.2,0,461.5,0.003059967,No
20.79,20.2,0,461.5,0.003059967,No
20.79,20.2,0,458,0.003059967,No
20.79,20.2,0,460,0.003059967,No
20.79,20.245,0,460,0.003066817,No
20.79,20.29,0,460.5,0.003073668,No
20.745,20.29,0,460,0.00306512,No
20.79,20.29,0,457,0.003073668,No
20.745,20.34,0,460.5,0.003072711,No
20.7,20.39,0,461,0.003071733,No
20.745,20.39,0,458.5,0.003080302,No
20.7,20.39,0,461.3333333,0.003071733,No
20.7,20.39,0,457.5,0.003071733,No
20.7,20.39,0,455,0.003071733,No
20.7,20.445,0,461.5,0.00308006,No
20.7,20.445,0,461,0.00308006,No
20.7,20.5,0,460.5,0.003088387,No
20.7,20.5,0,461,0.003088387,No
20.7,20.55,0,459.5,0.003095957,No
20.7,20.6,0,463,0.003103527,No
20.7,20.6,0,463.5,0.003103527,No
20.7,20.6,0,463,0.003103527,No
20.7,20.6,0,464,0.003103527,No
20.7,20.6,0,462.5,0.003103527,No
20.7,20.6,0,457.6666667,0.003103527,No
20.63333333,20.63333333,0,460,0.003095766,No
20.7,20.7,0,460,0.003118668,No
20.65,20.65,0,458.5,0.003101479,No
20.6,20.6,0,461,0.003084363,No
20.65,20.65,0,460,0.003101479,No
20.6,20.6,0,454,0.003084363,No
20.6,20.7,0,451.3333333,0.00309941,No
20.6,20.7,0,457,0.00309941,No
20.6,20.7,0,454.5,0.00309941,No
20.6,20.7,0,460,0.00309941,No
20.6,20.745,0,458.5,0.003106182,No
20.6,20.745,0,453.5,0.003106182,No
20.6,20.79,0,457,0.003112953,No
20.55,20.79,0,450.5,0.003103322,No
20.6,20.79,0,454.5,0.003112953,No
20.6,20.79,0,463,0.003112953,No
20.6,20.79,0,459,0.003112953,No
20.6,20.84,0,452.5,0.003120478,No
20.6,20.89,0,451,0.003128002,No
20.55,20.89,0,446,0.003118323,No
20.6,20.84,0,449.5,0.003120478,No
20.55,20.89,0,449.5,0.003118323,No
20.6,20.89,0,450,0.003128002,No
20.6,20.89,0,453.5,0.003128002,No
20.6,20.89,0,458.5,0.003128002,No
20.575,20.9175,0,459.5,0.003127291,No
20.6,20.89,0,457,0.003128002,No
20.5,20.945,0,458,0.003116897,No
20.5,21,0,453,0.003125123,No
20.55,21,0,450.5,0.003134826,No
20.6,21,0,455,0.003144556,No
20.55,21,0,453,0.003134826,No
20.55,21,0,454.5,0.003134826,No
20.5,21,0,455,0.003125123,No
20.6,21,0,452,0.003144556,No
20.56666667,21.03333333,0,456,0.003143073,No
20.55,21.05,0,454,0.003142328,No
20.5,21.1,0,453,0.003140079,No
20.55,21.1,0,460.5,0.00314983,No
20.6,21.1,0,455,0.003159606,No
20.5,21.1,0,452,0.003140079,No
20.55,21.1,0,453,0.00314983,No
20.55,21.1,0,454,0.00314983,No
20.5,21.1,0,454.5,0.003140079,No
20.5,21.1,0,455,0.003140079,No
20.5,21.1,0,454,0.003140079,No
20.55,21.1,0,454,0.00314983,No
20.5,21.1,0,447,0.003140079,No
20.5,21.1,0,454,0.003140079,No
20.53333333,21.2,0,455.6666667,0.003161565,No
20.5,21.2,0,456,0.003155037,No
20.5,21.2,0,453,0.003155037,No
20.5,21.2,0,452,0.003155037,No
20.5,21.2,0,446,0.003155037,No
20.5,21.2,0,452.3333333,0.003155037,No
20.5,21.245,0,451,0.003161768,No
20.5,21.2,0,449,0.003155037,No
20.5,21.2,0,447,0.003155037,No
20.5,21.245,0,450,0.003161768,No
20.5,21.29,0,449,0.003168499,No
20.5,21.26,0,448.3333333,0.003164011,No
20.5,21.2675,0,443.75,0.003165133,No
20.5,21.29,0,442.5,0.003168499,No
20.5,21.29,0,444.5,0.003168499,No
20.5,21.29,0,446.25,0.003168499,No
20.5,21.29,0,448,0.003168499,No
20.5,21.29,0,451,0.003168499,No
20.5,21.29,0,452.3333333,0.003168499,No
20.5,21.29,0,447,0.003168499,No
20.445,21.29,0,446.5,0.003157707,No
20.5,21.29,0,442,0.003168499,No
20.5,21.29,0,452,0.003168499,No
20.39,21.29,0,450,0.003146948,No
20.445,21.29,0,443.5,0.003157707,No
20.39,21.29,0,443,0.003146948,No
20.42666667,21.29,0,450,0.003154117,No
20.39,21.29,0,445.6666667,0.003146948,No
20.39,21.29,0,443.6666667,0.003146948,No
20.39,21.29,0,445.3333333,0.003146948,No
20.39,21.29,0,449,0.003146948,No
20.39,21.29,0,444.5,0.003146948,No
20.39,21.29,0,445.5,0.003146948,No
20.39,21.29,0,447,0.003146948,No
20.39,21.29,0,446.5,0.003146948,No
20.39,21.29,0,451,0.003146948,No
20.39,21.29,0,448,0.003146948,No
20.39,21.29,0,450,0.003146948,No
20.39,21.29,0,442.6666667,0.003146948,No
20.39,21.29,0,445,0.003146948,No
20.39,21.29,0,444.5,0.003146948,No
20.35666667,21.29,0,441.6666667,0.003140443,No
20.35666667,21.29,0,442.3333333,0.003140443,No
20.39,21.29,0,441,0.003146948,No
20.29,21.29,0,440.5,0.003127468,No
20.39,21.29,0,447,0.003146948,No
20.34,21.29,0,439.5,0.003137194,No
20.29,21.29,0,444,0.003127468,No
20.29,21.29,0,445.5,0.003127468,No
20.29,21.29,0,446.6666667,0.003127468,No
20.32333333,21.29,0,444.3333333,0.003133949,No
20.29,21.29,0,446.5,0.003127468,No
20.32333333,21.29,0,449.3333333,0.003133949,No
20.29,21.29,0,445,0.003127468,No
20.29,21.29,0,447,0.003127468,No
20.29,21.29,0,443.5,0.003127468,No
20.29,21.29,0,447,0.003127468,No
20.29,21.29,0,445,0.003127468,No
20.29,21.29,0,443,0.003127468,No
20.29,21.29,0,446,0.003127468,No
20.245,21.245,0,438,0.003112112,No
20.29,21.29,0,435.3333333,0.003127468,No
20.29,21.29,0,443,0.003127468,No
20.29,21.29,0,441,0.003127468,No
20.29,21.29,0,439.5,0.003127468,No
20.2225,21.2225,0,445,0.003104455,No
20.2,21.2,0,442.5,0.003096814,No
20.2,21.2,0,443.5,0.003096814,No
20.2,21.2,0,444,0.003096814,No
20.2,21.29,0,438,0.003110027,No
20.2,21.2,0,439,0.003096814,No
20.2,21.29,0,441.5,0.003110027,No
20.2,21.29,0,444,0.003110027,No
20.2,21.29,0,446.5,0.003110027,No
20.2,21.29,0,446,0.003110027,No
20.2,21.29,0,447,0.003110027,No
20.2,21.29,0,447,0.003110027,No
20.2,21.29,0,446.3333333,0.003110027,No
20.2,21.29,0,445.75,0.003110027,No
20.2,21.29,0,445,0.003110027,No
20.2,21.29,0,444.5,0.003110027,No
20.16666667,21.23,0,446.3333333,0.003094799,No
20.15,21.245,0,446.5,0.003093789,No
20.2,21.29,0,448,0.003110027,No
20.15,21.245,0,450,0.003093789,No
20.15,21.29,0,452,0.003100374,No
20.2,21.2,0,449,0.003096814,No
20.15,21.2,0,446.5,0.003087203,No
20.2,21.2,0,446.5,0.003096814,No
20.15,21.2,0,448.5,0.003087203,No
20.1,21.2,0,446,0.003077618,No
20.2,21.2,0,446,0.003096814,No
20.1,21.2,0,441,0.003077618,No
20.1,21.2,0,443,0.003077618,No
20.1,21.2,0,444.3333333,0.003077618,No
20.1,21,0,444,0.003048442,No
20.1,21.1,0,443,0.003063029,No
20.1,21.1,0,444,0.003063029,No
20.1,21.1,0,447.5,0.003063029,No
20.1,21.1,0,443,0.003063029,No
20.1,21.06666667,0,442.3333333,0.003058167,No
20.1,21.06666667,0,444.6666667,0.003058167,No
20.1,21,0,444.5,0.003048442,No
20.1,21,0,445.3333333,0.003048442,No
20.1,21,0,446.5,0.003048442,No
20.1,21,0,445,0.003048442,No
20.1,21,0,442,0.003048442,No
20.16666667,21,0,439,0.003061105,No
20.2,21,0,441,0.003067455,No
20.2,20.96333333,0,445.6666667,0.003062073,No
20.2,20.89,0,446,0.003051308,No
20.2,20.85666667,0,443.6666667,0.003046416,No
20.2,20.89,0,439,0.003051308,No
20.2,20.79,0,441,0.00303663,No
20.2,20.79,0,442,0.00303663,No
20.2,20.745,0,443.5,0.003030026,No
20.245,20.84,0,443,0.003052493,No
20.245,20.84,0,442,0.003052493,No
20.29,20.89,0,443,0.003068419,No
20.29,20.89,0,444,0.003068419,No
20.29,20.79,0,443,0.003053658,No
20.29,20.79,0,442,0.003053658,No
20.29,20.79,0,443,0.003053658,No
20.29,20.79,0,441,0.003053658,No
20.29,20.79,0,446.3333333,0.003053658,No
20.29,20.7,0,446,0.003040374,No
20.29,20.7,0,439,0.003040374,No
20.35666667,20.7,0,444.3333333,0.003052986,No
20.29,20.65,0,446,0.003032994,No
20.29,20.7,0,442,0.003040374,No
20.29,20.7,0,441.5,0.003040374,No
20.29,20.7,0,440.5,0.003040374,No
20.29,20.7,0,443.5,0.003040374,No
20.29,20.7,0,440.5,0.003040374,No
20.29,20.7,0,437.5,0.003040374,No
20.29,20.7,0,438,0.003040374,No
20.29,20.7,0,443,0.003040374,No
20.26,20.7,0,443,0.003034714,No
20.29,20.7,0,436.3333333,0.003040374,No
20.29,20.76,0,438.3333333,0.00304923,No
20.29,20.7,0,437,0.003040374,No
20.29,20.7,0,439,0.003040374,No
20.245,20.7,0,436,0.003031887,No
20.29,20.7,0,432.5,0.003040374,No
20.23,20.63333333,0,435,0.00301926,No
20.245,20.65,0,442,0.003024528,No
20.2,20.6,0,444.5,0.003008744,No
20.29,20.7,0,447,0.003040374,No
20.2,20.6,0,446,0.003008744,No
20.23,20.56666667,0,442.3333333,0.003009457,No
20.245,20.55,0,440,0.003009811,No
20.29,20.6,0,440,0.003025615,No
20.26,20.49666667,0,439.6666667,0.00300476,No
20.29,20.5,0,442,0.003010856,No
20.29,20.55,0,441,0.003018235,No
20.29,20.6,0,441,0.003025615,No
20.29,20.5,0,441.75,0.003010856,No
20.32333333,20.5,0,442,0.003017095,No
20.39,20.445,0,443,0.003021439,No
20.39,20.39,0,443,0.003013271,No
20.39,20.29,0,440,0.002998422,No
20.39,20.2,0,441,0.002985058,No
20.39,20.2,0,439,0.002985058,No
20.39,20.2,0,436,0.002985058,No
20.39,20.1,0,433.5,0.00297021,No
20.39,20.1,0,435,0.00297021,No
20.39,20.05,0,434,0.002962786,No
20.34,20.05,0,438.5,0.002953606,No
20.39,20.05,0,440,0.002962786,No
20.39,20,0,439,0.002955362,No
20.39,20,0,440.5,0.002955362,No
20.39,20,0,433,0.002955362,No
20.39,19.945,0,436.5,0.002947197,No
20.5,19.89,0,438,0.002959152,No
20.42666667,19.92666667,0,438,0.002951181,No
20.5,19.89,0,441,0.002959152,No
20.5,19.89,0,434,0.002959152,No
20.5,19.89,0,439.5,0.002959152,No
20.5,19.89,0,438,0.002959152,No
20.5,19.89,0,435.5,0.002959152,No
20.5,19.89,0,436,0.002959152,No
20.5,19.89,0,439.5,0.002959152,No
20.5,19.89,0,439.5,0.002959152,No
20.5,19.89,0,438.5,0.002959152,No
20.5,19.89,0,435,0.002959152,No
20.5,19.745,0,435,0.002937477,No
20.5,19.79,0,436,0.002944204,No
20.55,19.84,0,433,0.00296084,No
20.5,19.79,0,433.6666667,0.002944204,No
20.5,19.745,0,431.5,0.002937477,No
20.5,19.65,0,436.5,0.002923278,No
20.5,19.7,0,437,0.002930751,No
20.6,19.6,0,435,0.00293393,No
20.5,19.745,0,437,0.002937477,No
20.6,19.6,0,433,0.00293393,No
20.5,19.65,0,431.5,0.002923278,No
20.5,19.65,0,432,0.002923278,No
20.55,19.65,0,429,0.002932352,No
20.55,19.6,0,430,0.002924855,No
20.5,19.6,0,430.5,0.002915805,No
20.55,19.6,0,433,0.002924855,No
20.6,19.6,0,436,0.00293393,No
20.6,19.53,0,435,0.002923403,No
20.6,19.445,0,434,0.00291062,No
20.5,19.55,0,434,0.002908331,No
20.5,19.6,0,435,0.002915805,No
20.6,19.6,0,438,0.00293393,No
20.6,19.5,0,440,0.002918891,No
20.56666667,19.53333333,0,436.6666667,0.002917872,No
20.56666667,19.5,0,437.6666667,0.002912869,No
20.56666667,19.5,0,437,0.002912869,No
20.6,19.5,0,433,0.002918891,No
20.6,19.445,0,435.5,0.00291062,No
20.6,19.5,0,435,0.002918891,No
20.6,19.5,0,437,0.002918891,No
20.6,19.34,0,436,0.00289483,No
20.5,19.34,0,438,0.002876947,No
20.6,19.5,0,440,0.002918891,No
20.55,19.445,0,438.5,0.002901617,No
20.55,19.39,0,436,0.002893372,No
20.6,19.34,0,433,0.00289483,No
20.5,19.39,0,432.5,0.002884419,No
20.5,19.39,0,434.5,0.002884419,No
20.55,19.29,0,433.5,0.002878381,No
20.6,19.39,0,433.5,0.002902349,No
20.6,19.295,0,434.5,0.002888063,No
20.6,19.29,0,434,0.002887311,No
20.6,19.29,0,435,0.002887311,No
20.5,19.34,0,431,0.002876947,No
20.5,19.29,0,431.5,0.002869474,No
20.46333333,19.22666667,0,432.6666667,0.002853516,No
20.5,19.39,0,436,0.002884419,No
20.5,19.39,0,436,0.002884419,No
20.5,19.245,0,441.5,0.00286275,No
20.5,19.2,0,434,0.002856025,No
20.39,19.29,0,433.5,0.002849966,No
20.42666667,19.29,0,429.3333333,0.002856456,No
20.5,19.29,0,434.5,0.002869474,No
20.5,19.2,0,433.5,0.002856025,No
20.5,19.15,0,435.5,0.002848553,No
20.445,19.05,0,435,0.002823965,No
20.39,19.16666667,0,434,0.002831662,No
20.39,19.245,0,430.5,0.002843287,No
20.39,19.2,0,426,0.002836609,No
20.5,19.2,0,429,0.002856025,No
20.5,19.2,0,435.5,0.002856025,No
20.5,19.2,0,433.5,0.002856025,No
20.5,19.2,0,427.5,0.002856025,No
20.53333333,19.16666667,0,429.6666667,0.00285694,No
20.525,19.175,0,433,0.002856712,No
20.5,19.1,0,432.5,0.002841082,No
20.5,19.1,0,431,0.002841082,No
20.53333333,19.1,0,433.3333333,0.002846958,No
20.5,19.1,0,433,0.002841082,No
20.5,19.1,0,434,0.002841082,No
20.5,19.1,0,437,0.002841082,No
20.5,19.1,0,437,0.002841082,No
20.5,19.1,0,439,0.002841082,No
20.53333333,18.96333333,0,432.3333333,0.002826494,No
20.525,19.075,0,432,0.002841746,No